2
2
3
3
3
3
5
5
6
6
6
7
9
10
10
10
10
13
16
16
16
17
17
20
20
21
22
24
24
26
27
27
28
29
29
29
31
32
37
38
38
38
39
47
47
47
49
50
50
50
51
52
53
53
55
55
57
57
58
59
61
61
62
63
63
64
64
65
66
67
67
68
68
68
69
71
71
72
73
73
74
74
75
76
80
82
82
84
85
85
87
87
88
88
88
88
89
90
90
91
92
94
95
96
98
98
101
102
103
103
108
110
111
111
111
112
116
119
119
122
123
123
124
127
128
130
130
131
134
135
135
136
136
136
137
137
141
142
142
143
145
146
148
148
148
149
150
150
151
151
152
154
154
156
157
157
157
159
161
162
162
163
164
166
168
171
172
172
172
173
175
175
175
175
176
177
178
178
179
185
186
186
186
187
188
190
191
193
193
195
195
196
197
197
203
204
204
208
208
209
210
210
211
212
217
217
218
219
220
221
221
221
222
223
224
226
227
228
228
228
228
230
230
231
233
234
235
236
238
238
239
241
241
241
243
243
244
244
245
248
250
251
251
252
253
253
254
256
258
260
260
262
264
265
267
268
268
269
273
275
276
276
278
279
281
281
286
286
287
288
288
289
289
289
289
290
290
293
296
297
299
300
300
302
306
307
308
309
309
310
312
312
313
313
314
316
317
319
320
321
323
323
323
323
324
326
327
327
328
329
332
332
335
335
339
339
340
340
340
340
342
342
344
345
345
345
346
346
348
349
349
349
350
351
351
353
355
358
358
359
360
361
361
361
363
364
365
365
367
368
370
370
370
370
373
376
377
377
380
381
381
382
383
383
384
384
384
385
385
385
385
386
388
388
389
389
389
391
391
392
393
394
395
396
397
397
400
400
401
402
404
407
408
408
411
411
412
415
415
415
416
419
419
419
420
422
423
423
424
425
426
427
427
429
430
431
432
436
438
438
438
438
439
440
441
441
442
443
445
446
446
448
449
450
450
451
453
453
454
455
457
457
458
459
459
461
463
464
464
465
465
466
468
468
469
469
470
471
472
473
474
476
476
476
478
478
480
481
482
485
485
487
488
490
490
491
493
495
496
499
499
500
501
501
501
502
503
503
503
507
507
511
515
518
519
520
521
522
523
523
523
523
524
528
529
529
529
530
531
531
533
534
535
537
539
542
542
545
545
545
546
551
551
552
553
553
553
555
556
557
557
560
560
560
562
562
563
563
565
566
567
568
568
568
571
572
572
575
577
578
579
579
579
580
581
582
584
584
584
585
586
586
587
588
589
589
590
590
590
591
592
592
592
592
594
595
596
598
601
601
604
607
607
609
611
612
615
616
619
619
621
622
624
624
624
626
626
627
628
628
628
629
630
631
633
633
634
634
637
637
638
638
639
641
641
642
642
642
643
644
645
647
647
647
647
648
648
648
649
649
650
652
653
654
657
658
659
659
660
661
666
666
667
668
668
670
671
671
671
672
672
673
673
673
674
675
676
676
677
677
679
679
679
679
680
680
681
682
682
683
683
685
685
687
687
688
688
689
689
690
691
692
692
692
694
695
696
697
697
698
698
699
700
700
701
702
702
702
702
702
704
705
705
706
709
709
710
711
711
713
713
716
717
717
720
721
721
722
722
723
723
723
723
723
723
724
730
731
731
731
732
732
732
733
733
733
735
736
738
739
740
740
743
744
746
748
749
760
762
764
764
764
766
767
767
767
770
770
770
772
773
774
776
777
777
778
779
781
782
782
783
784
786
787
787
788
788
789
790
790
790
791
793
795
795
795
796
796
796
796
799
800
801
801
803
803
805
805
806
813
814
814
816
816
816
817
818
818
818
819
819
820
821
822
823
824
825
825
825
825
826
827
827
827
829
830
831
832
833
833
834
834
835
835
835
836
837
838
839
840
840
843
843
844
847
847
848
850
850
850
851
854
855
856
857
859
859
860
861
861
861
861
861
862
862
862
863
868
869
870
871
871
872
872
873
874
875
875
875
876
877
878
879
879
882
882
883
883
885
887
889
889
889
890
890
891
891
893
895
895
896
897
897
899
899
900
901
902
903
904
904
906
906
906
907
907
908
908
911
913
915
915
917
917
918
920
921
922
922
922
924
925
925
926
926
926
928
929
930
931
931
931
932
932
933
934
935
935
935
936
936
937
938
939
940
940
941
941
945
948
950
951
952
952
954
955
957
957
958
958
958
963
964
965
965
967
968
968
968
971
974
976
977
977
978
980
981
981
982
985
985
987
989
992
992
994
998
998
1000
1000
2
7
9
10
11
11
11
13
13
15
16
16
17
19
19
20
21
22
23
25
26
26
27
29
29
30
34
35
36
37
38
39
40
41
41
43
44
46
48
48
51
51
51
52
52
52
53
55
56
57
58
58
60
60
61
62
63
64
64
65
66
66
68
70
71
72
73
76
77
80
80
81
82
83
84
84
85
86
86
86
87
88
88
90
91
91
91
91
91
91
92
92
93
95
96
98
99
99
99
102
102
103
104
104
105
108
108
109
109
112
113
114
117
118
119
120
122
124
124
124
124
127
128
128
129
129
131
132
134
134
135
137
138
138
141
141
146
146
148
149
151
151
152
152
153
154
154
155
156
156
157
157
159
160
160
160
161
163
163
163
163
168
168
171
172
173
175
175
177
177
178
179
179
181
182
183
184
184
186
188
189
191
195
196
197
198
198
200
200
201
202
203
204
206
206
207
209
211
212
213
214
215
215
216
216
218
219
219
221
223
223
223
225
226
228
230
231
231
232
237
237
237
238
238
239
241
242
244
247
249
250
253
253
254
255
255
255
256
259
259
259
260
262
262
263
266
268
268
269
269
269
270
271
272
273
276
278
280
280
281
281
282
282
282
283
283
284
286
286
290
291
291
293
293
294
294
295
295
296
297
297
297
298
299
299
300
301
303
304
304
304
306
307
308
308
309
309
310
310
311
312
312
313
316
317
319
320
321
322
322
324
325
327
328
332
333
334
334
336
337
338
341
344
345
346
347
348
349
350
351
351
353
354
354
355
355
355
359
359
360
360
363
364
364
364
365
365
366
369
369
369
370
372
372
373
374
375
377
379
380
383
384
385
389
389
389
390
390
393
393
394
394
395
395
396
397
397
398
399
400
402
403
403
404
405
405
406
406
407
408
409
410
410
410
410
410
412
412
414
415
417
417
418
419
421
423
423
424
424
426
427
428
429
429
430
431
431
432
432
434
435
436
436
436
436
438
440
441
443
446
446
446
447
447
448
448
450
452
452
454
454
461
463
463
463
464
464
464
464
464
466
466
467
468
469
469
469
471
471
473
473
475
475
477
479
480
482
482
482
483
483
483
484
484
485
486
486
487
487
489
489
489
489
490
492
493
493
494
497
498
498
500
502
504
505
505
508
508
509
509
509
510
510
510
513
514
514
515
517
517
517
518
518
519
519
521
522
522
524
524
525
527
527
530
531
531
533
533
534
534
535
536
537
537
539
542
543
544
544
545
546
547
547
547
547
548
548
549
550
552
552
553
554
554
557
558
559
559
561
561
561
564
566
569
570
571
573
573
574
574
574
575
575
576
576
576
577
577
578
578
581
582
584
586
587
591
591
591
593
593
594
596
596
596
597
598
598
598
600
601
601
604
604
608
608
609
613
613
613
615
616
616
617
618
621
623
625
626
626
627
628
629
629
629
630
630
631
631
632
634
634
636
637
638
640
641
643
643
643
644
644
647
647
648
648
649
651
652
654
654
655
656
657
658
658
659
660
662
662
665
665
666
667
667
667
668
669
670
671
672
673
673
673
673
674
675
675
675
676
677
680
681
682
682
683
684
685
686
687
687
688
692
693
694
695
698
698
699
702
703
704
704
704
705
708
708
709
710
712
712
713
713
714
716
716
716
717
718
719
720
721
721
721
722
722
723
724
725
726
727
727
728
728
728
730
730
730
730
730
731
731
732
733
733
737
738
739
739
741
742
745
746
746
746
746
749
749
750
750
752
752
753
754
754
755
758
760
761
762
763
764
768
768
768
768
771
773
775
775
778
780
780
783
783
784
787
788
788
790
791
791
791
791
795
795
796
796
796
796
799
799
803
804
804
807
809
811
811
814
815
816
818
819
821
823
823
825
826
827
827
828
829
830
830
831
832
833
834
835
836
837
838
839
839
839
840
840
841
842
845
845
846
846
848
849
849
850
851
853
855
856
857
859
860
860
861
861
862
865
868
868
871
871
871
872
873
874
876
877
877
877
879
881
881
881
881
881
881
882
882
883
883
885
886
886
888
888
895
895
895
895
899
905
907
907
907
910
912
912
913
913
914
915
916
917
917
917
918
920
920
920
921
922
923
923
924
927
927
928
928
929
930
932
932
932
933
934
935
937
938
938
940
943
943
943
943
946
947
948
949
949
949
951
951
952
953
954
954
955
955
955
955
956
956
956
957
957
958
958
959
962
962
962
963
964
965
966
967
968
968
968
970
970
972
973
976
977
977
978
980
980
980
981
981
981
981
983
984
984
986
986
989
989
990
994
994
996
996
998
998
2
2
3
3
7
7
12
12
13
14
14
15
16
17
17
17
18
19
20
20
20
20
21
21
24
27
27
28
28
28
30
32
32
34
36
36
36
37
38
38
39
39
40
40
40
40
42
43
43
43
45
46
46
48
49
49
50
52
53
55
57
59
60
63
64
65
65
66
67
67
69
70
70
71
71
74
75
76
76
78
78
78
80
81
82
85
87
92
92
93
95
96
96
97
97
101
102
104
105
105
107
107
108
109
109
111
112
113
116
117
117
117
118
118
118
118
119
120
121
122
122
123
123
128
129
130
131
131
131
135
136
136
136
138
138
139
139
139
141
142
143
143
143
144
144
145
145
154
154
158
158
159
159
160
161
162
163
163
164
165
165
167
167
167
169
171
172
172
174
174
174
176
177
177
177
179
179
183
183
184
186
188
188
188
188
188
189
189
190
191
195
197
197
198
199
199
201
202
203
204
204
206
207
208
208
209
211
211
212
213
214
214
214
215
215
216
216
218
219
219
220
220
221
221
224
224
224
226
234
235
235
236
236
237
239
240
241
241
242
244
245
246
249
250
250
250
251
251
251
252
255
256
256
257
258
258
258
261
261
262
265
266
266
267
270
271
273
276
277
278
278
279
280
281
282
284
286
287
287
287
289
290
291
291
291
292
293
296
297
299
299
300
302
303
303
305
305
306
307
308
309
311
311
311
313
313
314
314
314
315
315
317
318
318
319
320
321
322
323
323
324
324
325
327
328
328
329
332
333
333
333
335
335
336
337
338
339
342
342
342
342
342
342
343
343
343
346
346
348
350
350
351
351
351
351
352
352
353
353
353
355
357
357
358
358
363
363
364
365
367
367
367
368
368
368
369
369
369
371
371
371
372
373
375
376
378
381
381
382
385
386
387
387
388
388
390
391
392
394
396
397
397
401
401
403
403
404
405
408
408
411
412
412
413
416
416
417
418
418
418
420
421
422
423
423
424
425
425
425
425
425
426
427
427
427
427
428
428
428
430
433
433
434
434
435
435
439
440
440
442
449
450
450
452
452
453
453
453
455
457
457
458
461
462
463
463
464
465
469
470
471
472
473
473
473
474
474
474
475
475
477
477
478
479
482
482
483
484
484
485
486
486
487
488
489
490
490
490
493
494
495
495
496
496
498
498
498
503
504
506
506
506
508
508
512
513
513
516
516
517
517
517
519
521
522
524
526
526
527
527
527
527
530
530
531
531
532
532
534
535
538
540
540
541
541
544
544
544
548
548
549
550
555
555
556
556
556
557
558
559
559
560
562
563
565
565
567
567
569
570
570
573
575
575
575
575
575
576
579
579
579
579
580
583
584
584
584
585
585
586
588
588
588
590
593
595
597
597
598
600
600
600
601
601
602
607
610
611
611
611
611
612
613
615
616
617
617
617
617
618
619
619
619
621
621
621
621
623
624
625
626
627
630
637
637
638
638
638
639
639
640
641
642
643
645
646
646
646
647
648
648
650
650
651
653
654
654
654
654
654
655
655
656
656
657
658
659
660
663
665
666
667
668
670
670
672
672
672
674
674
676
677
679
680
680
680
680
681
684
685
686
688
689
692
693
693
694
695
695
696
696
698
700
701
703
704
704
705
705
706
706
707
707
708
709
712
712
713
714
715
716
717
718
718
718
721
722
724
725
725
727
729
731
731
732
732
735
735
735
736
736
736
736
737
737
738
738
738
738
739
740
740
741
742
743
743
744
747
749
752
753
756
758
759
760
760
760
761
761
762
762
764
766
766
767
769
769
769
770
770
772
772
772
772
775
777
778
779
779
779
779
781
782
783
783
783
784
785
785
789
790
793
794
795
795
796
799
801
801
802
802
806
806
809
811
812
812
813
813
814
815
815
816
816
819
819
820
820
823
824
824
826
826
827
827
832
832
835
837
837
838
841
842
843
846
849
850
851
851
852
852
853
853
854
855
856
858
858
858
859
861
862
862
864
865
867
867
867
867
868
868
868
869
872
874
874
875
876
877
878
878
879
880
880
882
883
883
884
885
885
885
886
888
888
889
889
890
890
890
891
891
892
892
894
895
896
896
898
898
899
899
899
901
902
902
908
908
908
914
915
916
918
918
919
919
919
921
922
923
924
926
928
932
932
932
933
934
935
935
937
937
938
940
942
944
946
948
949
949
953
954
957
958
958
959
960
960
962
962
963
964
964
966
966
967
967
968
969
972
973
977
979
980
980
982
985
985
986
987
987
990
990
991
991
991
994
994
996
996
996
997
997
997
998
998
999
999
999
999
1000
1
2
3
3
4
4
7
8
8
9
10
10
11
11
11
13
13
14
14
16
17
18
18
19
20
20
20
20
23
23
24
24
24
25
25
26
27
27
29
29
29
29
30
31
32
33
34
34
37
37
39
39
40
40
40
42
43
44
44
44
45
46
46
46
46
46
47
47
48
48
48
48
50
50
51
51
52
53
53
53
54
56
57
59
60
62
62
64
65
66
67
68
68
68
71
71
72
73
73
76
77
77
81
81
83
85
85
86
86
89
90
92
92
93
94
94
95
97
97
98
99
99
100
101
102
102
103
103
104
104
105
106
106
107
107
109
109
110
112
113
113
113
114
118
118
118
121
122
122
123
123
123
124
127
129
129
132
132
133
134
134
134
135
137
137
138
139
139
141
142
142
142
143
145
145
147
147
148
148
149
149
152
155
155
156
158
158
158
158
158
159
160
162
163
163
164
165
166
167
167
168
168
169
170
171
171
172
173
174
174
174
174
174
176
176
180
181
181
183
185
188
194
195
196
196
199
200
202
202
203
203
204
205
206
208
208
210
210
210
210
213
215
215
216
216
216
216
217
218
221
221
223
223
224
225
226
226
228
229
229
230
233
233
235
236
236
238
239
239
240
240
242
243
245
247
248
249
249
250
253
254
258
259
259
262
262
262
263
264
264
264
265
265
267
269
271
274
274
274
276
277
277
277
277
278
278
280
281
281
282
282
282
282
286
287
290
290
291
291
292
292
293
293
295
295
298
299
299
302
302
303
303
303
304
304
304
305
305
306
306
308
308
309
309
311
314
315
317
318
319
321
322
323
327
327
328
330
331
331
331
332
333
335
335
336
338
340
343
343
344
344
345
345
345
346
346
347
349
350
351
351
353
354
355
355
356
357
357
359
360
361
361
361
364
365
365
367
367
368
369
370
370
371
372
373
374
374
375
375
375
376
377
377
378
378
385
386
387
387
387
388
388
389
390
391
391
391
392
393
395
400
400
401
401
401
402
403
403
406
408
409
410
414
415
415
416
416
417
422
423
426
428
428
428
430
432
435
436
436
436
437
438
439
439
439
441
442
442
442
443
443
443
445
446
446
451
452
453
455
456
456
456
457
462
466
466
469
470
471
472
473
473
473
474
474
475
475
476
477
477
477
479
480
480
481
482
484
484
484
485
486
486
488
488
490
492
493
494
495
496
497
497
497
498
499
499
500
502
503
503
504
504
508
509
509
510
511
511
512
512
514
515
516
516
517
517
518
518
520
521
522
523
524
524
526
528
530
530
530
534
535
535
537
537
538
539
540
540
541
541
541
541
542
546
547
548
548
550
551
551
552
553
554
555
557
560
561
562
563
563
563
564
564
567
569
570
571
572
572
573
574
577
577
577
578
578
579
581
582
582
582
583
584
585
586
588
589
591
593
594
595
595
595
597
597
598
601
601
601
602
603
603
605
608
608
610
612
619
620
621
621
624
626
628
632
632
633
634
635
637
637
638
638
643
643
643
649
651
652
652
653
653
655
656
657
658
658
658
661
661
662
662
665
667
667
670
674
674
675
675
675
676
678
678
680
681
681
682
684
686
687
687
689
690
690
691
691
691
692
692
692
693
694
694
696
696
700
702
703
703
705
705
706
707
709
717
720
721
721
722
723
725
725
725
726
727
729
730
730
730
731
733
734
734
735
735
737
740
740
744
744
745
750
751
752
756
756
759
760
760
760
762
763
767
768
768
768
769
773
773
774
776
778
778
778
779
779
780
781
781
783
784
784
785
785
785
786
786
786
786
787
788
789
789
796
797
797
798
799
800
802
803
804
804
806
806
807
807
809
812
813
815
815
816
816
818
819
820
821
821
822
823
825
826
826
827
827
828
829
829
829
830
830
831
832
832
833
836
837
838
840
840
841
842
843
843
844
844
844
844
845
845
846
846
846
849
852
853
853
853
854
854
854
854
855
856
857
859
862
863
863
864
868
870
871
871
871
872
873
877
878
878
879
879
880
882
883
883
883
883
884
885
885
887
887
887
888
888
889
889
889
890
891
891
893
893
893
894
896
896
899
900
901
902
903
908
908
909
910
912
913
913
913
914
915
916
918
919
921
922
923
923
924
929
930
931
934
934
934
937
937
937
939
940
940
941
941
942
944
944
944
945
947
947
949
951
954
955
957
957
957
958
960
960
960
961
961
964
964
964
965
966
967
968
968
968
968
972
972
972
974
974
974
980
980
980
981
981
982
983
983
983
984
984
987
987
988
988
988
989
992
992
993
993
993
995
998
999
999
1000
1
1
2
2
2
3
4
5
7
7
8
12
14
15
16
19
19
21
21
21
22
22
22
23
24
24
25
25
25
26
29
31
31
33
33
34
35
37
37
37
39
40
41
43
46
47
48
49
49
50
50
53
55
58
59
61
62
62
63
65
67
71
72
74
75
76
76
76
77
77
78
79
80
81
82
83
83
83
84
85
88
88
89
90
91
91
92
94
95
97
98
99
101
103
104
104
105
108
108
109
112
112
112
112
113
115
115
116
116
121
122
125
125
125
125
126
126
128
128
130
131
131
132
132
133
135
135
135
136
138
140
140
142
143
144
144
145
149
150
150
151
151
151
155
156
156
157
157
157
158
158
159
159
161
161
162
163
165
166
166
166
167
167
167
169
170
170
170
171
177
178
180
180
180
180
182
183
183
183
184
184
185
187
188
190
191
193
194
198
198
200
201
202
202
204
204
205
207
208
208
209
209
209
210
210
211
212
214
214
216
217
218
219
219
220
220
223
224
224
224
227
227
229
229
230
230
231
231
232
233
234
234
235
235
237
239
240
240
241
241
241
241
241
242
242
243
243
248
249
249
250
250
252
254
255
256
256
256
257
258
259
261
262
263
263
264
265
265
267
268
270
270
271
271
273
273
274
276
279
279
280
280
280
280
281
281
282
282
283
285
285
287
288
289
290
292
295
297
298
299
299
301
302
302
302
302
304
305
306
307
307
308
309
310
311
311
311
312
312
315
317
317
318
319
323
323
325
326
329
330
330
330
330
330
331
332
334
334
334
336
338
338
338
339
341
341
345
346
346
347
347
348
348
349
349
350
352
354
356
357
358
359
359
360
362
362
362
363
365
368
369
375
375
375
376
379
379
382
382
384
385
385
385
385
386
386
387
387
387
388
389
391
392
394
395
396
398
399
402
403
403
411
412
413
414
414
415
420
421
423
423
427
430
430
431
431
432
433
433
435
435
435
436
437
437
437
437
438
438
438
441
442
442
443
446
446
447
447
447
451
451
452
454
454
455
455
456
456
457
458
460
461
461
463
464
465
465
466
468
469
473
473
475
475
476
478
478
478
478
480
480
481
483
484
486
486
487
487
487
487
489
491
492
492
495
497
498
500
501
504
504
504
507
507
507
507
507
509
509
512
513
513
515
515
516
518
518
521
522
523
523
524
526
528
532
532
535
535
536
536
537
537
538
539
541
541
541
542
543
543
543
544
544
545
546
547
548
549
549
552
554
555
557
558
558
560
560
563
564
564
565
566
566
567
569
569
569
570
571
571
571
572
577
577
580
580
580
582
583
583
583
584
584
584
585
585
585
586
587
587
587
589
589
590
590
590
593
593
593
593
594
595
598
599
599
600
601
601
602
602
604
608
608
610
610
612
614
614
614
615
616
616
617
618
618
618
619
619
619
621
621
621
622
623
623
623
624
626
629
631
632
632
633
633
634
634
634
634
635
635
635
636
636
639
640
640
640
640
641
641
641
642
645
646
646
648
648
649
650
650
651
651
652
652
653
653
654
654
655
655
656
656
657
657
657
659
660
660
660
661
664
664
665
665
666
670
670
670
671
673
674
675
675
676
679
679
679
680
680
680
681
682
682
683
685
686
687
687
691
691
692
693
693
695
696
697
699
701
702
704
705
705
706
706
709
709
709
709
712
712
713
715
716
716
716
717
719
719
720
720
726
726
728
729
729
729
730
730
733
734
735
735
736
736
739
739
740
741
742
742
743
743
744
746
749
749
749
752
752
752
752
754
754
755
755
756
759
763
763
766
770
771
771
772
772
776
776
776
778
779
779
783
784
784
784
789
789
790
791
792
793
798
798
799
799
800
802
805
806
806
806
808
809
810
810
812
816
818
818
819
819
820
821
822
823
825
827
829
831
832
832
835
838
839
839
842
844
844
846
846
848
848
850
850
854
856
857
859
859
859
860
861
862
864
865
865
866
866
867
868
870
870
873
873
876
877
881
881
883
883
884
884
885
888
889
889
889
890
891
891
892
893
894
894
896
897
898
899
899
899
900
900
902
903
903
904
905
905
905
909
909
909
910
910
912
912
912
912
912
913
914
914
914
915
915
915
916
917
918
918
919
920
921
923
923
926
929
929
929
931
934
934
937
937
937
939
939
940
940
941
942
943
943
943
944
945
945
947
947
948
948
949
949
952
952
953
954
956
957
959
959
959
960
962
962
963
964
964
965
966
967
967
968
973
974
977
978
980
980
983
985
985
985
986
987
990
990
990
992
993
993
993
994
994
997
999
999
1000
1000
1000
1
2
3
4
5
5
5
6
8
8
9
12
12
13
13
13
14
14
15
19
19
19
21
22
23
24
24
25
25
25
25
25
26
28
28
29
29
30
31
32
32
33
33
35
38
38
39
40
40
41
42
44
44
45
45
48
49
51
51
52
53
54
55
56
57
57
59
59
59
59
60
61
62
63
63
64
66
66
67
69
70
70
71
71
72
73
73
74
75
80
81
81
81
83
84
85
90
91
91
93
93
94
94
98
98
100
101
101
103
105
107
108
109
109
110
111
112
113
115
115
115
116
116
117
118
119
120
121
121
122
122
123
123
124
125
126
126
127
129
129
131
132
135
135
135
136
136
137
138
140
141
142
144
144
145
145
145
146
149
150
150
151
151
151
156
158
158
159
159
161
161
162
163
164
166
166
168
168
169
171
172
172
172
175
176
176
177
177
178
180
180
181
183
183
184
184
186
189
190
191
192
192
194
197
198
199
199
199
200
201
202
202
203
206
206
206
207
207
208
211
212
212
212
214
214
215
215
217
219
219
220
221
221
221
222
224
225
227
228
228
233
233
233
234
236
238
238
238
239
241
241
242
242
243
243
244
245
247
247
248
248
249
250
251
253
254
255
256
256
257
258
260
260
262
262
262
262
262
263
263
263
263
264
265
265
265
266
269
271
271
271
271
272
272
276
278
279
280
281
282
282
282
283
283
284
284
284
285
286
287
288
289
289
289
291
294
296
298
299
299
300
303
304
304
304
305
306
307
308
310
311
312
314
314
314
315
315
316
318
318
320
322
323
325
325
326
328
329
329
329
331
332
333
334
335
335
338
339
339
340
342
343
343
344
346
347
348
348
348
349
350
350
351
352
355
356
357
360
361
362
363
364
366
368
369
369
370
370
372
372
373
373
375
377
377
380
380
383
385
386
389
391
391
393
393
394
395
400
403
405
406
407
409
411
411
413
416
418
418
419
419
419
419
421
422
423
425
425
426
427
428
430
433
433
433
434
434
436
436
436
437
437
437
438
438
439
439
440
443
445
445
445
447
448
448
448
449
449
450
452
452
452
452
453
454
455
456
456
457
457
459
460
460
462
462
462
463
464
465
465
469
469
470
472
472
473
473
475
476
476
478
479
479
479
480
481
482
483
483
483
485
486
486
488
489
489
491
491
491
493
496
496
498
499
500
500
500
502
504
506
506
506
507
510
511
511
511
511
511
512
514
514
516
516
518
521
522
522
523
523
523
524
524
524
524
526
526
527
527
528
528
528
529
530
530
532
533
534
535
535
536
537
538
538
538
538
539
541
542
543
543
544
544
544
546
548
548
548
549
551
552
554
555
557
558
558
559
564
565
567
569
569
571
571
572
574
574
575
576
579
582
583
584
584
585
586
586
590
592
592
593
593
594
596
596
597
600
601
601
602
603
603
603
605
608
610
611
612
614
614
614
615
616
616
617
617
617
618
618
620
623
625
628
629
630
632
635
637
637
638
639
640
640
640
640
640
641
643
646
648
648
648
649
649
653
653
655
656
656
657
657
658
658
660
661
662
665
666
667
669
669
671
671
672
673
674
674
677
678
679
679
680
682
683
684
686
688
689
689
690
691
691
692
692
692
693
694
697
699
700
700
701
701
702
705
706
706
708
711
714
714
714
714
716
717
718
720
721
721
722
725
726
728
729
730
731
733
734
734
734
735
735
736
737
739
740
741
741
742
745
745
746
746
748
753
754
755
755
756
756
756
758
760
760
762
762
764
765
766
767
769
769
772
773
773
773
773
773
773
775
775
776
776
777
777
779
781
781
783
783
784
784
784
786
787
788
790
792
793
794
795
795
798
798
798
799
800
800
803
804
805
806
806
809
810
816
818
819
819
820
821
821
822
823
823
824
826
827
827
827
827
828
830
832
832
834
834
838
840
840
840
840
841
841
843
843
844
844
845
848
849
849
850
851
854
854
854
856
856
857
858
858
858
859
862
863
864
864
864
866
866
867
868
869
869
871
871
871
872
873
875
879
879
879
879
880
880
880
882
885
886
888
888
894
894
894
894
894
895
897
897
897
898
900
900
900
902
902
903
904
905
905
907
910
911
912
912
913
914
915
916
918
918
918
919
920
921
922
923
925
926
928
928
929
930
930
931
932
933
934
934
935
936
937
937
938
938
940
940
940
942
944
944
945
945
945
948
950
951
952
952
953
953
956
956
957
957
961
964
965
965
967
967
969
969
970
972
973
973
974
975
975
977
977
978
978
982
984
984
984
986
991
994
994
996
997
997
997
998
999
1
1
1
3
4
4
5
5
5
6
6
6
6
7
10
10
11
12
12
13
14
15
19
20
21
21
21
22
23
24
25
25
25
26
26
26
28
28
28
29
29
30
30
30
31
31
32
32
32
35
38
38
38
38
40
41
41
43
43
43
43
44
44
45
45
51
51
53
54
54
54
55
57
57
57
58
58
59
60
60
61
62
63
64
65
66
67
68
74
76
76
78
78
79
80
82
82
87
87
89
90
90
91
92
93
95
96
96
100
100
101
102
102
103
103
105
105
105
105
106
106
107
109
110
111
113
113
114
114
118
118
119
119
121
122
122
122
123
123
124
125
126
126
127
127
128
128
129
130
130
131
132
135
137
139
139
141
141
141
142
143
143
145
147
148
150
151
151
152
152
153
154
156
157
159
162
162
163
164
165
166
168
170
172
172
173
177
178
179
180
180
181
181
182
183
184
185
187
188
188
188
190
191
194
198
198
199
199
204
205
205
207
208
210
210
211
213
215
216
218
218
219
219
220
221
221
222
223
223
223
224
224
226
226
227
228
229
229
230
230
231
231
232
232
235
236
236
236
237
238
238
240
240
240
241
242
242
248
248
249
250
252
255
255
256
258
260
261
262
263
263
264
266
266
266
267
268
269
270
273
274
274
275
276
278
279
280
281
282
282
282
282
283
284
286
287
288
289
290
291
292
292
293
295
297
297
299
299
300
301
301
301
302
304
305
307
309
310
315
315
317
319
320
321
323
324
324
325
331
332
334
336
336
338
338
340
341
341
343
343
344
346
347
349
350
350
351
352
352
353
353
354
355
355
356
356
356
357
357
357
359
361
362
363
363
364
365
366
369
371
371
372
372
375
376
377
378
378
378
380
381
381
382
383
383
384
386
387
387
388
390
392
392
392
394
394
394
395
397
397
399
402
402
405
406
407
407
409
409
410
410
411
411
413
414
414
414
416
416
418
419
419
419
419
420
421
424
425
425
426
426
427
428
430
432
433
433
433
433
434
434
434
434
435
437
437
438
442
442
443
445
448
448
448
452
452
455
457
457
458
459
459
459
461
461
461
463
463
467
468
469
470
472
472
473
473
474
476
476
477
478
484
484
485
485
487
488
489
492
493
493
493
493
493
494
500
500
501
502
502
503
504
506
506
507
507
508
509
509
510
511
511
512
513
515
516
518
518
519
520
521
522
522
523
524
524
525
525
527
527
528
529
529
529
530
530
530
531
533
533
533
533
534
536
536
537
537
537
538
538
539
539
540
541
541
541
542
542
544
544
544
545
546
546
546
547
547
547
547
552
553
553
556
558
559
560
560
561
562
563
563
565
565
566
568
574
574
575
577
579
580
582
584
584
586
586
588
589
589
589
590
593
593
594
594
594
596
596
597
597
597
598
599
599
599
600
601
603
605
606
606
607
607
607
609
609
613
614
615
615
619
621
622
622
622
622
622
624
625
626
626
626
628
629
630
631
632
632
633
633
634
635
635
635
636
636
636
636
637
637
637
638
639
640
640
641
641
643
643
645
647
648
648
652
652
653
653
653
654
655
656
659
660
660
662
664
665
665
666
666
666
667
667
668
668
669
669
670
670
671
671
673
677
678
681
681
685
685
686
687
689
691
691
691
692
693
697
698
698
698
700
701
701
703
703
706
706
709
709
710
710
713
713
714
714
714
715
716
716
716
718
718
718
719
720
721
724
726
727
729
729
730
731
731
732
732
733
733
733
734
735
737
741
742
742
744
745
746
748
751
754
756
758
758
760
760
761
763
763
764
765
765
766
766
768
768
769
769
770
770
772
773
773
773
774
776
778
779
780
780
780
783
784
786
786
786
787
787
788
791
791
792
792
792
794
794
796
797
800
802
804
804
805
805
806
806
806
808
808
809
812
817
819
820
821
821
823
825
826
826
827
829
829
829
833
834
836
837
838
839
839
843
849
849
849
851
852
855
856
856
860
861
865
866
868
870
870
870
870
871
873
874
875
875
875
878
879
880
881
882
882
882
883
884
884
885
886
889
890
890
891
892
893
894
897
897
898
898
901
902
903
903
903
903
904
904
904
905
905
906
907
908
909
911
912
912
913
914
916
916
917
918
918
919
920
921
922
922
922
922
923
923
923
926
927
927
928
928
930
932
933
935
936
937
937
938
943
943
944
944
944
945
945
947
948
949
950
952
954
955
955
956
958
960
961
963
963
964
965
966
966
966
967
967
967
969
970
970
971
975
976
979
981
983
984
986
987
988
988
988
989
989
989
992
992
992
997
997
999
1000
1
2
2
2
3
4
5
5
6
6
8
10
10
11
12
13
14
14
14
15
15
15
20
22
23
23
24
25
26
27
28
28
28
32
34
35
38
39
39
40
42
44
44
45
46
48
49
50
53
54
55
56
57
57
57
58
60
60
61
61
61
62
62
64
64
65
66
67
68
68
68
69
71
72
73
75
79
80
81
84
85
85
85
86
86
86
86
87
88
89
90
92
92
93
93
95
95
97
99
99
102
106
107
108
110
111
111
113
113
113
114
115
117
117
117
117
118
119
120
120
120
122
122
122
124
126
126
126
126
128
130
134
134
135
135
135
137
137
139
140
140
141
141
142
145
146
149
149
150
150
150
152
152
152
153
153
154
157
159
161
162
162
162
163
163
163
165
165
166
167
169
169
169
171
172
173
175
175
176
177
177
179
179
180
182
182
182
183
185
187
187
189
189
190
191
191
193
194
195
195
196
197
198
199
200
201
202
202
203
203
204
207
209
210
212
212
213
214
214
214
216
216
217
218
218
219
219
220
220
221
221
224
225
225
226
227
229
231
232
233
233
233
239
239
241
242
247
248
251
253
255
255
256
256
257
257
257
259
260
261
266
267
268
268
268
268
269
269
270
270
272
273
274
274
275
276
277
280
281
282
283
283
283
283
284
284
285
285
287
288
288
289
290
290
290
291
292
292
294
294
296
296
297
299
303
304
305
305
306
308
311
312
313
313
313
315
316
317
317
318
318
319
321
322
325
326
326
326
327
327
327
328
328
330
330
331
334
334
334
335
336
337
338
338
338
340
341
343
344
344
345
346
346
347
348
349
349
349
350
355
355
357
361
362
364
364
368
370
370
371
371
372
373
376
376
377
381
382
383
385
388
391
394
394
395
396
396
397
397
397
398
399
401
402
402
403
403
404
405
405
405
406
406
407
408
408
410
410
411
414
415
415
417
419
420
420
421
421
421
422
422
423
424
424
424
427
427
428
428
428
429
429
430
430
431
431
431
433
435
437
439
439
440
442
442
443
443
446
448
450
450
451
456
456
459
461
461
463
463
464
464
465
466
466
466
466
467
470
471
471
471
471
472
472
472
474
474
477
477
482
483
484
485
485
485
486
486
487
488
488
488
488
491
492
495
495
497
497
497
497
498
498
499
501
503
506
507
508
509
514
515
515
515
516
517
520
522
523
523
524
524
527
528
528
530
530
530
532
532
533
533
534
535
536
536
537
537
538
538
539
539
539
539
541
541
543
543
545
547
549
550
553
555
555
557
557
558
558
562
563
565
566
568
568
570
572
572
573
573
577
581
582
582
584
584
586
586
588
588
590
590
593
593
594
595
595
595
596
596
596
598
599
602
602
603
603
604
604
604
605
607
607
607
609
609
610
610
612
613
614
614
616
617
620
620
626
626
629
630
630
631
631
632
634
636
636
636
636
637
639
639
639
641
641
641
642
642
643
645
645
647
648
648
648
649
652
653
654
655
655
658
659
661
661
661
662
663
665
666
667
669
672
674
675
675
675
675
676
678
678
678
680
681
682
685
686
686
687
690
690
690
691
694
695
696
697
697
697
697
699
699
699
700
700
701
702
703
704
707
710
710
712
713
713
713
714
715
717
717
717
717
718
719
719
721
721
722
724
725
726
726
726
726
727
728
728
728
729
730
730
732
737
738
739
740
741
742
744
747
749
752
753
754
755
756
756
757
758
759
760
760
762
762
762
762
762
763
763
763
764
765
767
768
769
770
770
770
771
775
776
778
779
781
782
783
784
784
785
786
788
788
789
789
790
792
792
792
794
794
795
795
795
797
801
801
802
804
806
807
807
808
808
808
808
808
810
811
812
813
813
814
814
815
817
817
818
818
819
819
821
821
822
825
825
827
830
831
832
835
836
836
836
837
838
838
839
840
840
841
841
843
843
844
845
845
846
849
849
850
850
851
851
851
852
852
853
854
856
856
858
859
860
862
864
865
865
866
866
866
867
868
868
869
870
872
875
876
878
878
883
884
885
885
886
891
893
894
895
898
903
904
904
904
905
907
908
910
911
914
914
915
915
916
918
919
919
919
920
923
925
926
927
927
927
927
929
931
934
934
935
936
937
937
937
939
939
939
942
942
942
942
946
946
946
946
947
947
949
949
950
951
951
951
951
952
952
953
953
953
954
956
956
957
958
958
962
962
965
965
967
967
967
968
969
969
970
970
971
972
973
974
975
975
976
976
977
977
977
979
980
982
982
983
983
984
987
988
988
989
989
990
993
994
995
996
997
998
998
999
1000
