915
626
685
465
823
159
370
332
931
723
844
6
370
563
499
535
863
217
932
385
365
897
195
817
412
450
805
998
85
793
88
197
172
171
998
346
208
501
152
816
954
38
463
365
389
688
142
260
53
219
805
389
251
73
446
64
88
136
74
308
76
795
680
701
436
856
673
851
495
503
830
971
458
82
589
579
66
682
286
879
188
637
20
210
957
529
485
346
702
631
349
265
130
700
889
287
643
679
790
671
482
790
619
604
112
850
913
162
843
589
586
332
834
523
361
313
267
290
717
592
376
288
911
523
468
191
933
276
29
890
317
658
545
490
289
790
743
827
598
397
676
164
420
288
668
300
795
762
670
659
592
196
395
671
281
27
64
705
316
84
400
694
855
51
862
821
551
350
683
26
16
400
221
950
545
296
945
850
816
659
673
241
63
85
732
628
772
5
441
733
175
476
813
695
82
480
822
419
974
557
557
269
688
328
764
481
847
875
577
619
825
321
224
691
67
692
231
774
977
6
955
563
197
584
227
825
883
179
58
74
254
829
922
29
647
443
555
590
172
770
650
537
882
965
353
520
776
327
637
244
609
895
453
890
297
777
647
427
642
722
55
136
111
767
766
770
243
704
221
989
622
455
634
907
50
244
818
978
17
239
840
142
57
981
901
770
682
445
796
906
848
534
523
915
415
250
931
556
675
627
212
847
736
342
382
3
275
857
511
312
787
710
633
457
895
819
871
473
217
176
393
243
739
491
151
186
386
38
642
204
168
607
677
300
723
61
128
692
241
313
580
957
111
253
787
326
531
340
922
156
987
344
824
68
151
578
123
61
442
248
348
869
193
677
601
533
553
724
119
253
57
925
885
439
220
889
702
173
407
908
116
281
777
744
616
228
924
827
936
835
626
381
383
779
803
94
689
796
69
638
862
457
816
119
767
958
380
377
24
562
657
645
649
503
101
705
289
861
713
899
163
228
50
307
13
465
251
938
262
634
385
62
148
542
781
345
349
748
110
501
384
210
639
309
515
230
814
893
926
862
733
193
796
230
73
552
150
470
582
340
429
581
461
601
980
854
50
10
843
507
673
264
28
789
723
840
666
876
630
891
71
795
370
286
981
904
88
98
679
87
157
903
698
872
241
137
396
71
223
860
450
327
391
976
934
833
982
268
178
827
690
531
612
542
16
801
825
323
468
948
699
175
17
977
383
425
800
453
820
360
472
648
49
674
870
88
10
349
451
154
404
122
166
1000
696
875
667
868
124
177
902
211
340
672
234
641
930
464
891
935
289
716
967
584
454
935
172
607
47
958
940
478
899
238
499
624
590
906
306
394
154
660
136
861
65
411
874
831
958
466
521
3
806
764
721
968
236
162
37
731
568
588
835
572
889
278
146
572
127
27
408
345
187
861
474
571
221
478
683
879
392
941
148
621
208
940
595
740
268
440
591
672
647
488
260
148
339
502
501
568
545
723
471
836
936
52
764
746
342
992
587
345
55
103
711
238
38
289
740
424
579
361
519
908
384
687
717
500
135
459
560
431
493
799
615
931
422
897
713
21
329
873
647
832
2
702
143
985
529
397
75
921
324
878
642
103
528
6
838
709
507
992
803
87
1000
209
108
918
335
835
323
711
389
137
22
738
29
641
539
351
359
235
335
7
872
952
430
702
661
654
441
416
553
323
652
448
965
469
226
419
9
818
314
749
39
408
150
904
875
706
560
964
679
825
522
697
90
786
190
932
638
203
485
3
926
175
98
299
700
592
733
204
680
423
438
920
377
629
575
72
258
351
592
415
721
896
59
628
47
801
233
339
644
388
584
449
320
649
459
529
340
438
925
730
720
546
760
96
611
697
186
68
819
551
871
861
245
668
732
3
135
633
32
161
782
469
419
731
985
653
80
373
859
185
31
228
722
590
861
586
681
723
671
566
10
319
309
427
63
937
778
10
834
111
784
783
648
928
464
358
157
518
963
833
767
887
47
709
951
732
276
568
367
426
826
476
735
432
731
293
186
24
370
364
92
123
859
900
273
926
89
381
624
130
149
438
524
222
2
788
228
361
553
839
922
530
773
935
503
16
796
596
388
368
723
941
624
782
666
145
685
68
131
565
939
968
579
929
385
628
175
994
692
818
95
883
968
487
402
687
312
698
411
5
391
676
363
814
252
157
90
323
907
446
917
401
134
218
952
302
102
837
256
850
415
310
791
423
91
385
290
648
384
917
20
358
689
585
53
496
67
788
195
438
562
279
178
523
141
355
560
906
567
877
594
882
679
476
702
490
131
534
741
20
796
504
16
359
986
573
151
10
492
417
601
970
727
464
200
746
29
226
720
282
254
393
977
177
764
293
868
837
702
408
547
436
787
109
733
397
85
643
654
351
613
577
273
221
268
283
51
728
58
138
593
695
76
914
613
616
430
432
990
159
369
730
172
354
754
423
282
113
928
972
947
155
920
103
327
755
591
369
214
682
87
584
114
963
39
36
796
148
698
295
604
660
881
856
228
38
398
43
634
294
417
535
818
682
811
77
259
615
448
842
680
873
907
731
545
768
753
198
761
665
141
968
521
557
432
733
726
907
168
490
92
561
146
825
62
648
57
232
527
494
312
161
91
629
469
68
207
384
86
727
531
681
883
862
473
56
22
152
255
533
877
571
489
347
840
814
839
629
868
128
402
804
996
841
303
658
510
333
938
99
980
627
29
138
717
877
923
336
483
628
895
788
475
297
471
407
196
96
533
730
80
821
463
951
932
118
576
596
53
498
518
489
179
446
291
962
626
654
943
363
163
454
826
871
648
7
464
13
412
394
427
954
667
182
760
64
134
745
665
349
365
574
241
539
724
183
809
791
238
163
815
429
414
839
195
436
980
752
73
400
231
558
440
704
547
225
591
344
762
247
601
652
484
675
355
72
237
334
84
52
17
962
15
244
952
708
912
608
489
464
202
907
223
621
86
37
737
409
334
846
768
881
791
883
137
307
81
66
61
313
913
946
410
281
989
917
308
359
632
597
638
482
725
310
859
721
976
428
626
91
943
91
519
564
259
385
163
536
534
278
249
799
157
184
463
984
522
554
493
431
981
662
795
242
156
778
823
662
849
613
566
630
424
625
543
510
263
591
559
298
640
489
350
845
468
446
823
295
683
239
983
518
888
83
450
895
464
582
128
325
513
390
483
775
932
260
35
487
578
547
804
699
48
984
23
319
271
964
803
338
675
829
19
509
860
237
213
435
373
754
300
827
811
643
881
438
383
348
684
218
487
291
895
160
482
464
188
60
561
410
840
719
886
930
13
282
423
463
486
542
306
673
132
84
956
672
360
403
738
124
262
530
716
722
846
479
293
317
505
819
502
322
360
631
129
328
716
426
160
160
41
11
676
552
667
397
912
659
366
927
98
296
956
508
269
879
742
569
301
322
149
629
483
395
394
304
686
280
940
154
355
886
21
269
623
175
685
746
957
154
473
527
93
466
881
796
500
452
515
48
399
63
577
575
546
849
321
324
191
739
644
447
927
550
617
656
395
958
436
124
749
899
91
694
641
11
531
157
658
316
168
134
888
177
712
981
596
876
212
955
598
968
11
704
469
943
739
404
857
311
791
88
956
671
938
834
390
928
403
146
807
669
405
284
578
978
874
955
482
424
608
505
833
514
480
179
375
117
345
309
775
548
112
434
549
693
784
91
250
231
657
485
178
949
637
604
475
722
122
958
730
256
304
718
294
290
732
618
253
537
519
561
949
410
593
46
406
574
286
788
216
509
71
64
636
238
932
989
573
497
996
923
517
129
421
877
924
965
746
917
341
369
152
871
728
853
587
670
151
493
790
26
750
970
830
448
723
704
937
708
967
486
933
860
882
721
934
966
52
687
553
105
581
355
644
467
953
796
709
955
616
99
283
410
524
30
197
816
396
40
389
714
198
312
949
215
827
223
104
405
673
768
452
119
780
108
544
783
163
576
517
441
791
380
872
200
201
99
667
836
27
839
525
916
186
559
272
698
795
102
471
410
51
830
649
477
419
299
219
181
508
351
871
66
90
850
370
377
308
415
141
454
466
86
52
673
389
372
44
353
920
469
881
173
749
881
548
712
51
730
861
171
109
255
461
598
848
255
758
574
594
943
446
219
998
977
674
831
55
204
910
917
498
431
270
799
955
95
773
929
297
268
175
82
575
304
915
918
651
598
524
752
102
447
41
262
957
703
675
980
630
882
276
647
895
215
962
692
510
253
259
25
783
973
280
9
746
436
320
269
609
88
372
517
905
509
406
981
713
655
921
332
156
768
994
730
203
731
211
954
389
230
443
547
418
34
2
968
514
216
484
713
845
716
705
286
634
835
951
70
365
364
948
763
60
710
209
677
206
108
596
855
91
981
135
16
537
206
346
828
647
552
721
374
364
668
885
354
780
832
913
58
522
266
65
26
393
544
19
189
986
576
959
861
750
299
127
838
643
153
600
237
688
124
586
554
124
673
80
297
310
922
104
223
687
998
429
728
851
379
120
364
281
771
570
865
666
184
337
994
309
412
631
920
92
935
562
987
999
573
583
440
239
654
261
496
646
656
314
250
852
473
704
712
584
45
486
291
138
762
874
764
352
846
886
174
177
855
513
960
482
307
812
343
241
889
999
743
973
412
982
463
611
630
385
600
158
826
681
346
333
815
869
164
258
762
868
495
959
321
595
642
778
534
302
938
885
884
686
425
420
207
36
368
865
428
305
335
183
257
654
355
565
76
706
42
665
63
540
287
602
367
34
575
13
287
14
317
465
76
498
522
738
714
731
176
851
838
504
256
428
521
477
240
159
688
619
287
396
199
24
139
397
188
896
427
812
813
794
656
403
894
282
226
753
177
749
20
375
932
473
484
991
303
705
369
924
588
732
165
872
849
503
318
66
801
761
439
858
108
278
309
453
700
315
832
403
772
204
532
367
319
985
434
350
369
224
215
323
473
856
680
165
954
394
766
32
392
71
793
795
411
486
677
877
527
342
95
472
854
902
980
43
782
271
498
617
471
694
580
215
611
640
57
333
646
338
112
942
92
980
781
12
611
544
969
994
221
17
284
760
401
996
412
290
119
40
813
760
342
143
323
621
276
118
371
962
159
28
811
556
143
171
373
756
932
785
919
966
189
527
179
293
495
919
851
736
957
332
220
49
342
922
218
743
707
559
142
75
220
783
70
736
483
693
346
351
769
933
908
540
785
52
802
428
427
365
896
113
918
267
368
18
493
918
300
213
558
816
868
570
141
693
325
422
579
962
315
388
513
188
923
363
819
713
648
20
16
991
320
867
333
615
17
191
416
489
530
408
549
882
964
670
381
987
327
706
994
516
60
867
214
704
890
337
167
575
660
425
80
36
937
802
696
208
646
15
457
508
541
715
297
251
490
674
835
827
739
351
313
53
28
351
842
775
158
990
624
186
427
621
953
48
569
107
3
82
949
39
934
455
651
883
388
224
43
292
201
946
37
40
621
738
744
199
123
709
299
328
433
144
453
563
251
621
211
772
311
65
353
725
314
328
916
623
418
721
590
85
262
28
921
118
667
336
935
78
555
741
898
38
692
40
96
648
14
427
758
885
517
883
738
21
179
105
878
979
184
203
585
796
506
597
638
737
27
575
617
732
858
87
122
258
717
367
425
212
799
117
735
550
544
105
363
718
999
423
464
996
475
277
81
92
216
97
357
770
278
19
17
937
167
249
78
506
986
136
96
958
535
657
740
421
996
78
867
928
806
7
770
801
450
329
895
892
234
766
250
236
600
998
479
579
494
371
241
266
859
926
680
841
672
104
809
653
672
565
607
650
850
452
960
353
197
368
837
357
440
401
672
852
658
998
250
645
618
162
899
548
506
625
627
251
767
202
348
279
30
588
576
101
555
862
747
619
689
626
999
769
131
538
708
291
435
38
2
266
280
637
378
716
118
997
177
944
779
908
727
949
256
619
139
527
783
601
273
663
816
219
189
32
575
161
705
654
967
208
242
972
659
879
387
783
123
289
67
679
224
36
567
735
65
654
343
55
779
496
485
313
469
111
475
650
820
876
827
169
517
324
579
880
853
482
790
21
116
532
843
814
426
381
172
117
46
245
823
579
371
135
531
890
139
458
131
219
524
567
685
188
888
387
890
868
738
512
487
143
990
889
891
548
49
915
198
209
593
236
701
779
303
423
235
752
617
416
335
731
452
560
997
136
39
611
789
190
204
557
703
902
680
97
430
417
919
372
899
769
109
559
638
655
391
597
488
824
874
527
237
442
214
490
958
311
908
299
826
638
128
616
742
740
353
145
864
530
350
712
968
109
901
40
612
382
434
674
235
880
120
138
966
531
655
195
174
997
639
470
450
12
7
935
342
718
174
668
463
154
718
858
498
885
435
795
258
188
654
824
2
351
457
425
516
862
46
914
107
647
585
875
136
145
71
991
819
832
352
188
815
541
478
183
861
342
556
670
405
286
342
736
197
948
707
899
413
93
735
255
474
977
244
641
376
167
20
600
64
265
27
160
617
760
425
70
544
216
461
967
386
261
121
69
118
122
556
637
102
698
453
322
449
601
364
306
343
853
759
517
358
252
867
311
324
314
570
206
408
784
985
639
163
777
586
613
474
891
308
575
221
339
526
211
474
3
725
684
584
963
490
477
214
772
130
358
761
806
129
722
59
729
1000
291
696
519
163
305
898
610
369
680
43
892
433
598
676
154
296
117
484
837
246
737
932
424
67
418
772
281
779
964
940
318
404
418
131
390
508
526
588
888
724
584
50
695
878
172
643
736
462
144
820
270
695
74
666
20
397
351
638
492
305
3
940
480
245
118
254
20
102
756
499
73
216
974
167
563
390
541
171
762
853
57
306
202
912
159
236
534
551
702
435
974
134
887
515
913
86
612
651
873
675
37
509
258
883
14
121
29
937
829
951
416
2
595
24
789
174
800
661
488
961
734
680
304
156
816
561
110
504
577
264
400
259
392
32
77
840
292
327
372
806
560
103
138
264
149
205
67
820
734
364
730
415
486
123
859
395
457
278
446
653
442
145
776
428
290
216
779
725
993
947
620
957
980
371
295
803
350
837
557
878
127
242
169
884
968
164
442
33
303
984
466
957
864
403
377
537
386
934
518
194
335
826
785
309
274
137
497
812
330
744
540
129
102
523
521
430
133
474
50
210
99
152
954
142
393
134
99
90
944
601
346
807
323
621
370
825
603
228
983
332
552
796
570
263
185
721
142
314
321
223
692
271
619
598
601
854
988
944
564
333
391
586
401
62
46
479
174
24
477
170
918
122
964
46
218
472
322
806
34
681
445
542
520
789
908
653
964
16
495
784
68
3
703
477
854
446
961
737
879
844
548
114
408
785
142
29
942
674
139
830
687
768
4
889
143
361
681
474
843
8
239
652
995
871
577
972
656
721
887
773
689
883
980
686
132
756
216
441
365
490
343
264
546
845
526
541
992
827
282
522
280
844
870
941
68
104
733
729
551
821
785
788
134
572
455
883
298
691
815
309
760
293
482
844
360
633
745
502
503
968
868
76
582
547
48
550
443
830
595
496
357
823
993
937
181
725
53
878
678
98
200
369
730
957
655
779
500
966
583
34
204
385
538
763
703
158
344
889
287
236
637
43
960
229
239
277
46
832
436
740
752
937
512
171
368
122
243
173
924
879
221
44
700
899
564
750
678
93
893
388
658
240
166
46
141
855
567
53
989
853
670
723
751
676
964
475
7
23
999
354
821
391
473
97
210
809
637
581
872
987
72
939
112
517
826
365
317
26
174
25
484
987
375
163
174
893
949
781
940
29
180
486
504
39
109
691
293
815
107
27
331
282
706
89
118
692
632
621
224
456
914
984
428
974
981
303
829
370
221
473
693
213
51
103
216
608
158
726
827
786
85
591
249
727
983
605
53
94
894
436
768
691
652
960
528
60
735
882
968
353
608
48
524
148
516
336
14
356
658
101
85
512
357
662
588
569
73
40
965
628
470
819
374
443
302
39
437
846
104
740
113
840
92
48
238
18
299
744
286
423
982
843
797
374
955
387
632
13
901
849
844
603
452
195
422
18
909
109
344
226
265
378
183
416
967
328
62
682
720
210
406
503
388
675
290
913
83
509
17
988
883
331
484
343
993
165
541
355
922
401
888
856
71
890
555
45
129
891
10
717
643
225
167
931
638
466
945
215
709
554
705
511
799
797
403
391
11
113
277
822
900
278
885
11
696
511
923
306
148
690
485
217
863
400
773
415
367
497
768
910
998
68
845
8
240
597
40
594
345
417
181
807
451
862
846
902
376
675
833
361
488
885
896
787
46
694
836
428
832
155
235
626
893
574
960
107
77
539
572
923
30
853
308
517
42
347
919
831
498
781
291
50
47
784
722
999
56
269
593
351
634
481
97
176
105
203
315
696
250
355
597
661
118
471
992
573
947
578
51
139
477
944
480
229
387
86
731
345
674
439
988
786
226
514
838
59
578
694
649
223
888
439
484
582
158
311
493
767
887
295
426
562
346
174
281
584
345
497
705
81
66
571
95
208
595
518
871
829
349
20
707
798
361
438
891
524
414
475
373
37
248
778
1000
972
149
202
610
535
160
816
662
456
929
778
304
233
473
684
877
302
230
274
941
387
135
335
774
331
208
537
516
585
196
553
854
247
476
442
338
667
27
589
52
282
880
601
274
665
759
624
65
510
499
980
535
453
818
44
172
667
854
291
262
432
123
132
930
253
158
163
540
852
530
276
786
934
145
20
913
25
20
308
375
735
508
281
841
780
340
494
760
563
304
968
602
4
577
24
123
206
903
303
31
305
282
40
367
469
375
23
196
786
658
828
48
100
915
203
113
292
233
548
896
635
10
199
439
71
804
889
643
92
410
916
265
262
215
436
690
158
857
94
972
783
19
934
842
277
1
277
11
908
13
769
687
725
462
802
106
147
983
804
147
259
530
846
692
377
760
389
958
299
54
530
137
981
9
378
778
813
64
409
188
541
563
249
210
401
124
402
657
162
730
168
267
176
871
319
327
106
318
168
643
579
262
582
155
47
443
456
81
44
863
921
29
359
267
504
571
184
1
61
463
438
395
918
77
184
959
433
48
742
523
281
382
391
536
227
276
461
881
894
330
451
654
806
91
305
884
914
375
495
128
739
730
125
1
654
282
943
598
249
789
720
752
212
697
942
614
752
776
478
993
819
909
926
580
894
716
501
899
659
455
692
268
846
392
128
507
850
348
585
71
214
634
602
162
454
157
610
726
515
231
784
566
136
977
237
46
312
50
375
478
475
338
949
702
800
326
349
166
241
441
903
564
616
657
744
33
651
229
963
820
386
302
219
870
487
297
920
346
542
414
309
161
465
486
241
250
302
90
665
923
541
749
729
180
308
827
443
299
645
292
964
382
915
385
959
557
209
964
207
755
243
806
12
210
312
552
734
842
438
566
541
655
601
891
997
265
947
369
873
624
569
79
549
242
437
771
183
746
590
177
209
330
904
104
257
158
151
507
185
452
742
202
655
709
263
919
965
492
304
646
306
522
379
544
808
888
97
980
307
912
252
22
945
978
595
923
883
323
752
188
914
420
423
735
280
204
776
823
50
350
201
442
112
398
687
990
486
614
319
973
298
518
733
621
504
65
716
683
962
717
535
740
256
287
157
109
541
763
232
859
2
35
473
339
182
193
332
211
949
208
21
1000
583
271
829
621
741
507
25
454
653
848
271
941
634
528
798
543
376
151
282
515
465
281
604
854
666
686
602
554
249
76
142
125
861
125
873
756
985
498
993
58
593
670
653
131
622
360
909
240
396
94
220
359
295
929
952
651
191
905
389
145
657
205
784
256
601
560
183
103
943
993
135
990
580
693
709
427
171
730
682
619
132
125
838
330
170
262
956
952
455
784
144
356
235
447
910
652
728
280
671
256
779
421
661
74
379
589
783
149
254
696
793
218
475
889
62
526
953
589
641
586
358
914
263
126
905
810
329
812
224
516
19
680
584
438
214
31
437
806
75
115
770
446
558
2
600
641
523
629
24
161
341
116
564
331
14
729
966
640
204
772
565
577
636
480
170
112
167
464
135
217
583
656
480
532
430
900
691
706
802
985
302
636
799
210
892
912
816
423
870
513
916
234
715
385
789
856
614
24
679
283
144
543
150
59
791
280
285
170
483
898
572
518
23
231
719
844
435
691
615
818
255
430
632
484
95
224
712
555
635
289
917
918
384
456
962
937
92
387
338
457
509
865
670
507
674
779
234
299
67
140
819
739
543
726
587
458
451
230
19
590
634
937
877
402
362
585
986
937
548
89
799
41
412
116
584
224
385
805
354
403
461
640
903
848
80
336
618
831
646
165
610
619
468
587
138
571
91
656
133
623
735
178
198
288
537
2
235
948
357
599
590
466
150
359
959
88
593
156
301
241
115
532
216
990
536
130
864
330
583
157
980
113
939
749
883
859
307
705
618
821
798
325
968
274
850
166
345
670
945
460
166
47
716
270
37
447
167
83
140
680
679
403
491
899
158
862
105
682
876
736
270
535
681
634
126
365
809
640
974
265
994
759
98
151
442
338
49
347
822
323
912
108
910
394
334
778
76
567
22
934
547
699
25
489
317
983
473
258
685
866
994
29
657
155
582
985
83
34
88
577
939
202
311
198
868
618
7
223
85
240
560
279
749
388
334
891
259
187
200
167
478
623
55
317
33
619
243
476
881
512
15
860
563
621
431
159
549
673
49
104
180
889
639
132
122
194
612
447
599
810
411
220
719
846
507
587
839
230
521
929
934
290
509
347
754
437
704
302
947
617
25
16
250
368
101
635
387
112
687
40
469
84
641
546
334
890
285
435
414
248
143
241
21
544
229
867
897
713
712
504
571
180
83
3
635
4
264
960
487
987
967
131
279
912
632
537
957
832
752
884
180
433
772
456
912
825
53
72
921
664
818
954
790
219
665
239
623
81
608
432
375
660
362
478
318
163
648
902
709
743
889
385
967
311
909
608
755
156
513
915
21
346
832
940
99
78
76
594
386
487
39
650
330
558
159
652
776
720
569
8
633
437
7
1000
77
701
743
209
839
524
913
280
492
446
943
584
363
931
37
108
436
642
261
896
992
227
5
905
348
650
792
754
763
631
545
771
580
835
169
893
539
135
399
706
899
241
190
585
273
273
648
865
679
649
62
415
362
705
315
675
431
112
680
43
593
481
341
626
82
944
121
999
500
22
999
900
857
593
31
664
633
435
310
352
695
569
675
859
693
497
242
915
676
233
37
766
487
26
183
709
538
570
885
660
929
387
1000
413
729
349
616
940
63
660
866
208
640
736
948
311
844
978
25
481
506
126
982
21
100
244
885
75
711
597
935
864
640
930
803
329
12
350
975
585
730
483
827
355
416
289
511
115
28
929
967
523
945
370
349
504
781
961
263
479
725
403
760
42
511
136
66
823
105
640
514
603
380
912
103
54
255
832
300
39
830
758
254
71
692
856
952
262
219
756
745
159
44
542
984
190
142
969
994
818
618
871
950
722
211
518
523
564
236
527
144
93
282
999
616
260
754
113
872
821
217
734
243
5
437
220
52
910
29
346
443
333
500
433
206
60
176
320
766
554
201
701
395
482
854
222
648
736
192
257
305
805
247
241
276
83
306
162
166
526
586
996
843
579
8
558
405
614
918
406
250
456
5
734
312
294
739
136
32
784
19
834
159
199
897
145
706
894
671
998
854
278
72
756
131
13
667
433
263
479
845
282
51
411
849
265
122
903
868
228
335
957
594
377
287
4
69
905
456
938
734
472
555
25
849
753
991
526
452
473
691
121
440
699
13
373
493
29
258
73
658
984
366
648
549
472
964
272
249
543
658
180
507
234
425
338
225
318
318
928
528
126
476
809
172
73
840
798
214
931
799
840
171
602
986
141
151
348
682
640
888
248
600
407
543
569
516
70
271
544
116
781
5
528
335
742
886
528
111
45
866
875
6
827
343
375
701
304
488
776
242
304
499
352
238
450
603
637
700
841
348
777
469
880
26
238
596
783
129
787
8
394
700
628
347
452
473
449
243
393
135
212
541
271
150
67
919
915
339
569
426
314
116
914
859
483
548
937
62
280
59
920
184
380
863
55
827
186
612
879
117
33
827
819
653
894
342
178
592
692
221
832
532
423
937
911
227
869
291
197
172
221
282
530
263
256
283
692
731
921
933
448
538
506
23
93
448
678
496
372
198
74
439
24
296
59
794
433
419
221
108
463
974
926
279
506
215
479
28
841
377
714
923
12
14
997
202
694
762
940
22
176
728
284
285
500
773
15
746
457
350
552
145
172
362
740
888
772
177
783
840
436
262
630
762
419
180
361
672
798
571
98
91
880
603
655
271
679
720
233
3
625
489
369
161
48
784
784
168
871
266
559
916
773
617
206
325
447
57
486
755
934
572
391
91
329
94
767
175
409
790
109
879
674
288
434
315
496
192
741
393
470
253
973
13
857
938
98
994
648
922
776
779
592
121
363
557
125
671
898
844
756
448
746
775
726
997
714
219
806
864
705
611
269
953
41
824
804
339
967
462
25
800
708
122
314
299
323
38
215
476
389
614
773
684
596
810
638
101
109
721
586
582
584
202
491
940
369
33
616
119
25
977
2
51
449
798
665
925
61
536
137
760
843
913
769
769
200
511
571
879
428
464
538
9
828
848
838
544
610
289
158
199
643
248
608
649
729
59
605
356
706
332
879
364
144
702
151
483
465
44
329
969
533
952
372
418
558
462
49
894
775
348
238
129
149
590
869
858
873
748
688
656
239
445
632
851
284
194
233
735
135
228
932
181
189
452
965
871
953
199
918
430
262
717
445
574
680
535
14
615
455
454
124
524
459
247
81
640
997
679
984
793
977
59
53
38
478
689
311
897
118
973
438
145
660
101
786
674
391
166
70
436
551
930
657
948
462
360
127
212
357
1
548
539
264
207
661
683
856
334
115
669
214
714
107
777
653
844
63
970
32
437
206
411
942
895
765
163
373
284
427
434
112
31
241
511
370
656
826
316
822
972
538
283
537
904
601
524
862
80
524
902
437
66
208
308
71
510
498
168
858
207
858
900
693
800
565
298
419
385
344
530
169
821
436
534
150
158
657
491
567
368
957
640
480
834
511
271
260
623
465
439
146
544
421
422
331
646
978
718
820
326
864
792
546
56
40
138
491
156
64
637
741
90
386
912
880
745
161
934
343
25
265
819
956
203
486
460
902
773
453
697
690
866
322
773
522
310
576
928
918
944
538
641
524
340
806
521
535
584
328
816
19
721
299
265
601
795
575
460
35
649
212
788
666
639
905
583
315
19
445
764
516
527
325
502
438
691
593
737
936
669
272
965
677
897
281
635
617
823
894
94
45
840
63
854
413
614
256
529
40
85
314
574
689
673
452
548
30
900
140
245
84
523
123
489
262
945
773
620
894
900
151
457
262
164
177
975
286
81
351
57
24
951
400
383
110
940
795
263
514
233
242
867
945
303
629
618
716
184
522
485
289
425
304
714
512
662
907
191
183
944
418
733
850
956
123
132
475
183
469
735
593
686
617
135
120
81
307
755
500
251
224
115
419
882
324
162
653
154
546
992
821
744
731
865
565
873
366
276
63
416
53
288
61
922
988
208
156
159
51
912
536
315
563
539
317
596
463
82
574
387
190
487
114
732
119
122
413
261
172
923
949
430
502
820
710
903
952
74
806
774
292
142
773
340
241
733
981
923
162
383
969
780
746
639
902
730
506
100
223
126
411
181
30
544
533
78
21
392
871
718
605
926
44
897
433
544
559
898
513
180
6
937
784
966
653
10
443
808
919
594
384
266
817
378
168
353
178
773
334
890
43
54
493
347
928
286
826
967
533
248
839
57
665
457
733
546
283
302
459
943
139
666
963
911
357
955
698
666
829
478
170
378
355
397
181
493
731
856
827
31
452
770
377
387
222
691
637
630
270
652
182
849
670
392
153
879
927
258
741
32
791
127
716
566
54
141
797
336
78
577
315
166
964
4
729
923
786
906
375
692
839
419
87
165
574
210
363
19
414
409
226
103
470
761
237
681
829
698
355
177
383
908
101
382
319
593
742
307
881
903
452
12
362
409
527
172
143
501
756
855
352
522
274
280
947
256
966
525
758
538
293
852
714
390
633
194
552
668
301
545
5
485
560
538
229
553
984
763
7
80
107
826
273
670
597
105
188
629
210
742
520
411
936
219
386
323
336
433
800
240
584
677
510
20
533
372
111
671
733
575
365
424
43
223
987
889
943
875
90
715
954
198
669
122
892
512
580
937
665
1
278
643
95
492
607
275
263
3
874
493
269
15
768
901
849
32
139
82
732
128
945
448
691
796
428
392
904
636
461
805
10
983
32
488
523
218
534
765
524
267
493
713
263
399
635
448
255
541
394
544
503
989
35
589
226
615
667
988
641
353
518
635
220
266
96
541
866
894
437
808
240
786
794
905
89
880
58
530
352
372
843
147
967
622
458
890
515
687
615
829
997
787
113
922
419
371
96
304
110
204
109
508
58
357
528
636
619
359
904
634
700
599
299
28
290
606
668
922
666
463
349
438
356
516
325
856
626
59
113
426
129
912
419
227
135
238
764
541
351
511
381
402
476
232
106
123
903
127
65
596
445
791
62
477
598
878
28
274
437
823
701
586
553
927
932
778
533
766
547
806
119
66
882
780
394
284
130
363
38
703
118
886
653
6
626
804
529
25
434
282
43
882
128
638
988
242
837
484
343
967
376
773
568
999
152
718
297
970
242
547
79
232
645
794
457
11
236
205
219
565
23
709
891
418
321
425
875
260
102
507
68
883
622
635
671
805
838
473
489
950
309
472
547
476
145
126
484
521
41
5
944
589
455
92
350
434
51
525
724
975
30
228
64
425
600
509
188
760
354
698
948
652
224
965
132
60
524
472
305
519
825
633
414
187
364
38
67
963
622
468
420
599
870
626
180
606
266
593
405
191
956
485
421
434
536
561
660
410
22
735
851
434
693
26
500
87
586
344
768
236
716
338
231
124
459
157
188
494
697
710
102
769
179
433
631
648
537
918
24
601
721
5
38
198
754
1
540
861
522
539
205
560
563
381
786
921
29
770
776
758
295
821
806
622
289
654
819
686
904
324
60
357
215
38
637
640
21
918
103
148
922
787
43
230
944
673
726
655
432
955
469
123
184
703
537
106
55
788
93
213
772
300
546
714
57
224
474
976
678
530
898
765
361
986
809
341
433
537
529
737
628
164
185
944
118
502
121
44
346
281
669
769
917
621
766
12
310
875
45
579
331
255
173
870
504
105
414
371
870
656
603
760
885
151
833
4
131
632
979
442
249
1
229
221
905
664
903
221
507
989
685
264
916
870
945
913
506
320
920
343
916
207
448
378
648
868
341
720
607
518
57
659
338
582
636
884
394
26
461
622
143
836
614
792
734
301
607
713
997
992
299
529
763
114
105
291
252
599
459
223
54
893
279
971
589
250
594
636
584
966
909
282
25
13
527
647
426
706
25
613
849
588
76
395
141
199
709
6
248
961
151
509
716
992
701
641
31
100
199
152
662
640
729
397
597
914
689
609
90
804
369
562
667
792
236
45
125
625
780
297
332
958
356
427
356
231
500
884
6
218
624
240
292
40
163
28
542
14
609
802
597
473
150
907
556
388
960
970
792
407
930
531
282
632
26
660
547
530
29
402
1000
141
834
748
410
542
21
442
714
435
691
935
407
262
137
105
783
211
897
238
301
706
745
183
751
380
727
406
989
350
282
30
287
91
882
685
130
719
594
860
230
643
235
511
558
637
41
216
268
122
718
933
590
461
76
416
928
493
938
681
419
467
779
812
752
117
784
612
843
395
690
942
446
595
713
789
448
536
61
402
290
294
120
130
946
140
203
641
953
563
794
466
470
15
539
442
202
20
845
267
370
149
266
982
381
218
15
676
721
770
465
72
183
239
189
383
865
277
364
456
113
466
474
636
126
762
814
154
191
292
758
586
669
914
910
771
822
326
165
214
251
327
947
327
171
498
50
346
726
528
14
403
508
485
134
284
951
291
26
344
781
173
639
726
256
722
11
187
642
157
92
904
14
439
962
538
422
488
220
714
169
533
984
226
305
691
61
977
370
58
93
5
327
976
776
856
443
974
764
126
958
952
388
283
224
789
593
753
785
967
318
919
972
315
868
134
269
195
328
846
920
162
391
259
697
553
294
557
110
658
44
893
851
643
34
46
836
261
420
407
697
584
977
980
911
281
539
908
214
680
428
815
655
770
537
49
952
62
655
604
289
539
463
169
233
990
364
86
947
467
53
429
68
285
288
749
428
86
498
885
313
440
247
528
485
225
905
808
349
620
667
795
62
549
334
939
949
914
715
835
998
950
975
825
435
926
326
57
956
84
111
876
849
883
404
819
971
193
69
86
145
241
951
373
983
662
118
340
801
317
616
956
557
987
306
718
437
402
336
93
106
813
543
577
442
408
509
532
654
486
212
357
14
486
150
120
221
25
128
967
423
405
376
203
187
429
675
216
653
61
762
690
636
953
717
56
120
631
81
153
636
337
782
830
471
210
54
919
256
537
916
946
214
661
503
730
545
328
866
461
472
915
988
792
334
117
784
485
338
255
464
149
568
522
177
814
850
303
741
341
989
257
738
593
349
10
747
296
165
891
492
997
584
382
648
728
885
754
217
565
739
856
647
89
355
501
401
167
590
163
927
801
397
67
634
497
903
172
195
117
967
786
825
694
858
334
290
719
482
177
495
607
632
610
775
312
744
870
729
361
290
596
255
854
396
152
472
126
268
840
85
790
44
808
543
270
175
23
32
969
427
451
516
239
166
137
107
313
421
311
71
346
65
927
756
150
541
582
695
175
232
999
162
613
721
582
919
422
57
308
268
321
957
770
394
85
122
150
697
532
699
850
700
42
607
946
142
762
936
645
678
284
268
614
812
283
763
39
631
344
710
808
595
827
39
497
253
68
697
111
759
141
865
421
1
934
126
757
792
28
713
88
477
506
763
979
728
866
949
463
788
642
299
221
969
894
86
152
942
275
113
169
701
976
878
630
57
135
405
406
779
87
795
338
524
85
810
326
836
672
443
687
886
201
27
377
675
696
923
726
137
581
207
588
202
417
728
599
355
242
274
767
742
190
807
282
724
675
864
450
24
604
610
524
609
530
675
411
191
45
227
124
424
23
399
464
272
420
515
661
415
717
2
993
533
965
260
965
674
851
161
998
75
317
527
474
283
851
410
547
515
639
813
152
410
951
983
989
269
229
431
937
180
783
819
946
349
487
403
530
572
209
860
204
287
686
725
424
586
765
296
788
841
573
536
316
273
942
652
385
428
686
690
398
182
808
837
488
840
975
523
710
573
832
292
704
719
702
22
185
507
666
466
424
630
135
838
182
414
792
520
189
596
648
872
859
497
867
146
515
122
176
1000
884
92
821
343
139
717
699
233
99
64
541
48
95
602
140
535
570
740
530
372
996
28
283
954
270
141
988
397
179
430
797
488
700
852
726
939
182
219
99
935
66
907
839
853
841
35
968
408
335
405
603
117
678
626
10
430
925
285
762
649
875
862
4
471
114
845
199
28
15
95
90
904
213
406
868
795
499
162
197
663
931
937
639
962
594
756
727
119
276
869
973
97
456
707
338
927
483
466
641
55
318
915
313
6
769
951
257
555
661
927
331
629
878
248
970
603
929
225
220
831
811
115
534
807
942
200
257
322
419
216
2
977
659
12
431
836
685
817
231
348
497
153
517
135
60
821
555
431
102
304
40
778
898
918
5
818
539
163
732
8
394
305
730
588
350
297
376
108
762
198
598
760
838
219
2
347
852
371
995
396
713
427
196
38
934
73
325
122
717
590
982
79
274
550
572
849
514
937
288
397
806
6
194
472
212
602
415
817
450
626
558
681
488
737
568
768
113
471
843
607
163
699
637
484
755
495
804
433
802
712
596
763
538
345
471
368
620
459
566
523
605
895
319
558
562
904
614
648
218
330
641
794
60
866
939
179
636
477
682
371
703
233
953
330
617
665
645
461
678
491
13
159
609
439
64
844
280
68
3
604
970
80
760
595
958
818
808
994
268
362
421
185
404
497
848
171
428
259
103
909
620
865
115
785
508
8
190
48
69
957
485
717
345
522
269
610
494
718
152
791
967
342
700
572
978
133
53
632
309
106
616
417
826
58
921
157
667
947
970
364
797
772
125
69
717
952
920
643
439
890
536
130
57
869
129
161
224
169
702
940
562
91
362
343
784
335
123
883
761
644
551
494
922
799
345
68
718
254
555
152
411
191
246
297
949
74
182
337
720
759
745
544
848
885
742
188
41
821
538
921
211
839
475
288
600
748
951
470
559
835
768
459
462
545
154
66
783
289
714
606
56
634
406
336
734
387
912
641
504
705
982
305
478
462
716
763
717
202
96
468
406
660
182
260
440
778
802
127
942
124
721
834
589
664
229
384
571
777
275
421
603
336
184
234
271
256
161
303
852
230
356
684
459
28
964
11
325
991
694
794
547
820
737
112
78
889
764
514
586
188
655
500
583
291
167
78
227
489
361
163
684
660
670
183
822
645
616
243
820
64
951
362
809
368
653
159
633
608
611
221
46
492
922
912
703
721
913
47
153
442
108
634
871
625
775
975
479
502
686
682
855
509
72
458
201
610
471
251
254
102
636
490
739
504
993
81
124
634
891
11
903
593
954
505
429
731
905
283
893
766
825
69
868
502
964
924
400
714
733
711
961
914
304
122
385
401
612
892
377
154
840
595
235
622
453
960
111
155
819
18
904
287
775
540
484
262
690
736
81
128
39
894
327
759
262
529
74
196
55
780
26
478
434
257
891
699
442
466
157
457
74
667
674
66
917
487
902
930
587
825
131
236
271
708
160
876
207
573
870
168
380
75
177
477
655
735
210
437
231
782
472
655
804
356
27
632
430
779
93
969
700
239
980
813
187
965
504
692
590
882
985
558
805
490
674
405
217
993
448
361
613
446
883
474
981
32
78
774
91
118
718
691
761
836
539
818
568
59
476
694
84
546
34
256
405
45
14
662
794
539
265
376
576
83
621
868
862
273
540
409
406
55
517
877
573
472
763
346
169
379
818
948
148
206
173
947
351
534
616
211
86
607
20
799
848
992
218
685
912
831
87
196
282
374
749
129
397
647
2
273
847
706
322
480
802
447
425
904
317
609
639
278
79
118
901
687
400
864
845
399
382
566
849
262
627
712
343
174
960
621
602
108
603
795
663
20
821
848
586
801
192
841
8
200
30
930
95
749
534
236
793
171
247
732
917
617
664
374
385
207
105
701
806
74
164
492
321
715
712
758
177
718
586
968
227
595
776
993
229
397
401
935
705
302
638
620
842
959
261
402
499
427
792
14
644
398
386
796
574
418
682
25
305
954
218
333
734
214
86
619
208
908
883
612
498
447
100
43
912
735
887
913
937
80
127
15
611
905
819
120
108
497
656
523
103
46
519
104
154
561
849
813
567
395
688
715
811
295
567
230
806
303
292
783
180
976
329
874
335
322
509
880
968
904
623
933
647
159
216
309
943
595
144
600
237
714
556
446
10
272
572
676
622
229
977
229
442
187
394
408
451
246
786
964
956
599
402
811
798
46
892
16
819
188
59
850
258
278
987
884
164
691
782
980
987
504
767
956
315
954
633
959
65
836
287
101
877
872
242
635
729
430
176
806
569
551
268
235
48
552
701
738
407
696
521
600
712
767
577
747
130
828
609
449
429
198
123
941
655
418
737
126
404
60
687
813
424
202
388
421
62
695
785
58
115
653
358
142
469
431
625
681
352
351
348
927
636
610
774
325
884
192
299
932
51
820
76
774
605
200
742
383
951
239
403
721
728
561
473
691
46
446
265
191
948
685
523
2
995
923
459
888
122
174
792
555
948
532
963
140
876
342
156
978
84
929
618
201
877
852
377
338
8
465
559
667
129
735
501
619
509
171
427
161
216
132
950
45
653
12
976
179
30
204
671
497
123
486
504
525
627
575
396
340
252
449
897
423
270
774
239
333
703
509
763
451
558
293
312
25
702
484
937
459
145
109
12
360
791
598
457
265
983
988
381
880
732
534
904
855
23
116
88
511
359
829
553
257
774
170
536
585
216
646
295
221
626
928
411
403
610
13
944
804
819
711
598
253
386
269
302
683
5
633
241
995
251
659
899
614
445
291
477
338
46
185
260
722
202
753
3
787
898
392
925
478
757
129
851
634
97
728
236
975
360
621
796
179
630
117
701
136
256
959
613
584
316
102
216
100
617
732
428
401
484
771
641
814
222
61
725
975
394
561
385
255
303
804
597
32
231
4
591
778
527
762
104
536
727
890
891
146
161
51
151
952
453
555
930
2
784
622
985
876
742
674
401
759
814
231
248
543
12
601
797
622
462
795
132
423
154
341
428
415
315
858
242
506
429
979
366
868
669
407
166
715
255
255
262
600
823
724
859
288
952
442
99
674
1000
549
367
246
200
990
464
847
805
815
618
401
346
292
167
840
702
904
770
789
137
313
10
696
770
803
508
967
764
639
403
439
213
952
94
103
268
871
115
663
686
127
141
620
797
836
992
611
782
976
8
401
698
99
675
631
337
352
450
900
856
34
859
39
237
204
475
79
167
258
405
346
513
684
466
15
474
753
486
504
314
969
221
905
610
203
290
679
533
542
941
148
641
876
342
178
252
886
960
133
472
444
911
133
631
178
528
16
95
289
49
31
898
777
181
734
498
388
337
915
283
79
482
36
227
92
930
274
660
569
488
16
622
469
988
756
385
100
270
280
938
133
558
543
792
641
656
575
605
964
600
885
192
423
68
366
533
457
501
515
667
235
363
731
426
451
240
567
518
96
629
425
343
944
587
651
183
692
191
542
209
198
591
732
356
278
186
856
181
546
59
112
547
376
418
95
969
612
843
105
926
940
46
448
567
794
176
276
20
381
351
507
205
494
941
931
241
471
102
825
528
805
587
514
65
17
922
776
544
517
263
131
620
554
937
265
739
617
664
483
708
921
264
956
14
268
162
688
959
750
441
968
409
709
507
970
996
596
660
406
907
975
672
825
968
154
432
429
744
169
519
608
425
165
942
379
184
509
620
776
378
974
750
972
223
281
861
20
941
494
740
773
140
323
667
652
856
922
534
160
808
594
24
362
486
44
309
606
659
134
515
3
151
132
553
598
20
856
485
362
239
161
742
441
910
79
718
490
48
513
58
733
178
34
581
201
444
366
133
15
768
628
164
617
92
634
585
459
4
234
853
451
933
816
426
739
286
669
351
637
279
829
437
133
46
942
230
349
48
273
780
539
339
656
299
66
284
28
152
199
440
511
845
779
304
599
536
933
40
427
28
523
20
61
550
523
289
460
549
632
525
752
623
867
884
448
421
710
192
661
193
852
365
182
564
213
96
777
211
246
114
649
246
176
608
21
822
737
73
696
114
350
170
316
448
871
110
551
324
474
102
342
955
963
407
576
204
651
388
808
531
86
529
409
990
844
32
382
836
422
163
878
4
985
605
808
249
111
344
258
738
366
348
687
367
499
315
282
454
155
551
44
716
318
975
634
745
672
132
542
862
646
829
774
684
61
247
897
458
286
508
655
821
310
569
248
400
96
823
843
220
348
234
287
407
976
600
477
276
551
333
893
989
608
284
51
869
848
225
12
911
170
447
547
82
314
402
824
473
553
534
755
183
205
770
277
594
274
159
820
464
904
904
465
910
193
806
229
11
573
681
365
658
413
481
235
90
449
614
633
245
724
21
568
687
769
749
75
249
582
628
650
113
138
435
87
401
631
414
978
624
444
612
479
935
677
972
785
422
992
684
690
375
283
109
114
631
908
926
296
250
792
60
956
206
174
38
175
485
804
37
958
42
84
744
98
463
421
335
90
827
35
759
4
421
883
478
751
172
176
920
283
203
956
924
701
832
250
304
785
320
590
314
887
713
806
852
495
231
14
830
853
822
640
847
773
638
424
688
755
921
815
806
214
929
531
545
309
604
940
636
661
714
821
836
545
629
402
250
179
394
682
570
920
333
417
144
989
865
614
208
671
340
52
530
446
18
109
343
339
240
761
418
834
229
334
981
505
560
851
914
385
606
47
628
493
380
681
47
653
658
189
882
768
455
131
17
781
25
175
744
654
868
904
233
486
877
557
779
108
462
318
857
853
596
710
552
844
795
65
564
694
535
364
399
950
197
677
694
955
899
527
339
823
162
3
627
86
393
947
468
814
105
934
168
25
615
722
238
22
89
840
757
863
511
387
732
694
192
918
346
73
169
593
286
66
712
860
230
554
725
484
474
351
387
63
431
143
459
250
157
657
361
250
185
293
778
826
734
865
471
375
722
675
861
866
170
196
960
57
121
485
254
325
136
915
123
251
237
982
252
830
155
157
440
910
896
399
278
809
985
992
837
775
117
113
702
586
196
628
972
647
970
386
796
328
994
982
332
276
682
491
341
241
394
118
2
993
769
835
478
416
844
514
79
931
148
322
377
978
547
390
448
854
456
571
832
775
187
66
4
491
985
508
893
534
419
45
203
837
601
848
949
720
683
420
995
327
223
386
957
195
357
471
265
363
878
574
285
641
641
479
241
