964
643
335
285
305
929
220
827
345
366
611
85
243
111
754
862
928
55
12
545
477
527
23
896
660
31
916
676
97
270
525
224
403
317
764
95
13
50
782
363
857
572
114
157
712
367
406
723
607
596
272
514
223
5
879
694
357
995
140
610
113
834
378
837
694
60
618
622
282
179
719
45
894
269
617
307
96
677
204
283
34
731
333
786
994
675
942
505
244
782
729
428
231
622
869
212
979
342
956
174
106
284
149
309
161
266
146
948
129
334
753
835
464
90
917
327
173
3
54
966
448
596
366
565
350
571
768
202
645
786
652
212
336
871
218
446
970
193
431
560
433
211
292
657
557
460
173
53
738
830
104
507
884
273
873
984
865
993
416
965
39
428
956
905
117
212
103
86
218
412
826
238
152
243
33
816
685
791
988
822
654
26
925
469
497
498
468
644
96
3
440
763
750
160
331
930
848
633
602
931
233
138
582
395
24
574
852
602
303
503
814
769
74
153
628
386
38
381
739
381
880
53
6
36
559
512
319
186
225
82
811
892
707
463
486
20
906
954
265
512
989
925
873
911
606
851
631
728
729
97
744
129
985
349
651
860
134
867
958
730
704
325
137
420
293
107
844
868
896
579
951
209
629
703
742
461
806
355
934
158
328
71
889
753
91
428
514
699
148
789
590
324
783
204
909
40
561
667
731
28
879
564
863
687
878
270
740
892
484
298
564
52
959
859
506
113
574
613
936
901
873
829
797
848
687
712
970
241
786
837
322
931
711
359
775
191
469
749
220
196
377
329
97
516
485
843
988
371
51
608
771
503
870
646
864
73
248
252
756
930
406
798
115
570
217
650
507
454
514
449
433
558
544
46
831
874
38
142
331
329
846
778
158
702
323
308
10
442
663
288
315
383
283
690
513
580
986
986
911
575
19
251
836
481
118
984
109
352
850
466
497
566
593
704
634
658
860
30
367
716
483
811
920
500
174
418
973
786
605
792
396
801
112
585
105
806
91
447
407
629
171
480
673
274
189
320
642
344
427
17
26
930
922
791
998
133
887
839
4
334
235
606
971
595
273
329
780
220
32
404
57
974
830
678
17
652
210
240
530
88
879
932
4
922
66
371
774
61
362
813
866
748
713
2
587
348
519
481
61
55
64
486
497
470
639
553
652
727
952
84
223
146
64
2
827
656
740
742
130
906
281
898
236
945
753
396
985
626
572
101
595
737
758
820
112
155
293
451
357
759
112
125
367
783
285
625
909
551
910
312
95
610
754
28
123
936
742
67
696
893
357
759
524
644
265
559
896
904
402
925
345
399
628
444
282
113
416
961
785
391
637
544
545
149
182
773
560
150
755
894
930
933
561
730
448
870
452
496
816
336
522
561
681
117
913
309
55
630
649
279
646
365
399
427
233
812
8
64
912
935
662
670
731
797
846
815
270
710
804
119
686
609
29
864
330
622
718
546
729
778
304
713
784
207
516
245
347
171
708
272
74
622
643
714
335
969
882
393
225
462
735
916
126
385
227
526
439
162
747
241
850
522
122
138
221
928
962
87
793
441
738
332
690
465
620
223
711
764
151
588
434
737
806
964
812
593
534
412
896
493
290
542
279
732
212
763
765
1
762
24
71
313
158
750
125
349
953
753
186
585
312
929
171
521
978
479
617
163
164
454
981
420
505
283
778
953
238
599
490
671
885
810
899
139
238
644
787
386
628
652
944
237
924
43
429
161
454
363
632
260
226
78
639
569
996
763
343
898
751
404
735
949
195
525
543
15
445
397
901
218
462
471
861
663
490
641
77
507
726
934
568
529
545
439
146
124
592
578
497
325
853
182
664
148
372
923
768
170
862
778
536
578
234
281
699
585
346
162
815
428
203
712
861
339
538
756
840
868
299
114
545
733
508
148
516
32
287
926
400
865
790
877
310
244
822
615
224
318
679
872
111
977
826
122
693
407
434
400
846
268
432
80
3
739
394
375
136
181
298
112
490
995
39
774
669
160
52
55
15
796
691
12
523
117
628
234
289
170
198
263
842
325
442
38
444
616
458
510
439
382
70
669
188
956
217
396
644
765
561
204
387
925
897
254
116
163
610
834
889
297
104
296
389
341
255
228
74
154
812
247
806
931
617
468
61
766
512
115
567
157
933
468
738
148
703
563
866
46
510
460
821
397
19
559
843
517
792
444
239
600
296
171
669
305
886
585
855
571
939
205
345
427
334
110
538
927
800
372
342
857
109
649
27
688
878
595
502
206
507
603
496
766
557
931
936
845
291
762
559
874
651
746
263
230
111
657
286
700
558
26
507
991
179
279
14
725
800
830
134
749
835
655
956
673
3
910
117
688
889
657
736
562
775
174
438
512
179
584
468
850
275
182
442
565
600
93
393
152
663
957
14
877
817
242
947
977
111
407
757
64
731
439
62
276
580
366
828
419
604
464
663
639
290
84
28
816
837
852
302
533
885
584
258
989
342
598
573
92
965
78
585
976
279
323
241
603
561
785
202
901
604
6
505
776
497
367
352
148
59
121
698
579
952
109
452
761
89
567
944
944
640
64
171
517
571
255
336
604
139
766
114
189
473
660
653
360
906
764
234
947
74
694
767
365
825
256
488
766
742
845
97
101
590
415
927
86
817
453
597
17
13
96
19
152
857
28
832
575
426
540
547
907
351
926
630
147
601
514
110
152
732
911
349
499
585
953
845
457
576
431
253
431
594
835
161
979
945
856
171
612
901
201
679
901
977
484
534
890
729
105
290
16
905
974
268
903
876
539
333
822
749
265
22
995
356
785
669
164
962
706
84
469
461
894
802
560
43
569
867
897
428
849
753
951
45
251
17
424
327
861
173
642
784
850
389
732
644
341
958
260
283
430
179
139
475
357
79
974
930
309
689
160
589
970
733
704
202
958
574
867
370
953
790
250
937
643
302
993
925
40
246
620
500
378
974
495
425
327
314
624
947
716
673
836
775
969
440
203
936
263
703
626
117
109
161
300
613
454
664
24
85
433
960
597
483
534
783
599
412
573
866
315
935
35
700
280
766
885
255
977
453
539
472
938
816
882
437
722
676
535
600
730
10
551
558
171
867
421
901
504
261
230
63
47
636
39
890
410
549
482
175
623
234
28
587
672
659
86
972
978
602
432
631
60
615
957
114
705
479
199
476
259
261
961
620
839
739
355
760
328
639
417
146
822
613
152
220
328
199
763
567
735
651
342
645
844
411
739
296
692
766
416
977
190
621
417
682
660
369
88
758
871
166
765
967
22
440
597
222
308
207
612
888
50
345
816
143
976
614
70
600
424
631
725
821
18
981
963
738
352
842
139
897
100
348
137
44
372
258
876
413
525
98
490
479
805
308
250
942
787
819
797
775
350
98
229
952
78
89
592
898
115
33
622
860
489
74
144
836
612
809
142
39
289
169
684
757
874
635
546
864
352
657
26
933
29
29
929
621
920
269
745
463
431
892
440
890
758
792
730
245
836
810
18
602
241
287
300
217
554
685
264
651
487
558
91
587
889
881
35
322
956
667
601
997
892
847
64
830
469
590
186
260
125
355
309
459
705
644
654
367
575
690
966
176
808
201
841
243
823
245
728
29
315
350
364
515
99
207
179
577
683
831
394
711
291
326
944
904
50
306
356
924
338
528
627
242
880
253
153
365
826
660
344
697
284
872
509
400
414
608
860
826
679
155
183
12
82
18
593
19
181
714
755
516
764
924
233
218
779
569
304
146
19
433
59
595
938
111
877
83
696
891
548
441
553
907
676
894
914
350
414
266
842
42
834
320
464
573
378
13
337
134
506
312
903
822
874
265
208
864
691
291
177
317
918
630
695
252
525
378
198
208
76
795
284
841
993
455
717
876
394
12
459
478
568
493
142
19
654
614
969
547
642
757
151
40
742
650
246
661
149
133
454
217
433
504
73
859
765
424
792
641
629
439
391
763
43
285
936
633
362
569
172
599
844
401
648
734
261
807
233
654
750
676
351
92
489
761
784
290
960
709
448
570
53
429
677
119
418
132
736
557
43
521
730
693
808
922
717
511
177
383
49
829
532
851
737
631
916
876
281
812
104
170
623
926
534
289
136
556
986
825
833
573
87
99
397
358
816
97
476
832
312
784
457
916
903
110
445
612
558
301
264
735
493
781
201
633
402
402
516
766
394
94
253
846
333
601
936
314
855
651
211
108
853
187
419
101
526
547
337
866
501
775
526
884
197
399
93
33
419
997
662
154
64
383
831
826
146
907
303
476
861
88
552
165
233
93
704
452
480
92
873
436
555
675
154
306
234
971
5
916
139
39
846
754
627
609
821
330
294
413
932
364
709
675
974
234
459
208
93
498
605
225
307
968
116
527
481
632
6
956
178
344
965
438
331
259
68
682
194
661
613
887
557
75
596
137
649
134
553
553
374
826
197
813
427
505
636
622
737
77
8
415
270
219
844
937
523
210
378
217
954
351
663
895
284
736
741
674
907
378
657
123
167
694
564
534
508
221
587
525
228
806
764
946
134
873
269
326
824
47
75
597
317
724
621
636
167
245
420
28
838
248
40
886
224
757
346
921
958
476
333
722
865
533
381
309
911
403
597
361
479
526
208
20
587
216
816
797
145
994
804
381
213
900
291
778
348
433
1
726
641
581
806
368
742
63
960
824
85
158
289
386
277
684
17
75
993
366
780
773
656
133
238
475
908
889
700
847
42
742
145
67
978
21
209
362
735
568
641
35
576
934
29
387
24
923
449
13
750
346
891
603
188
893
12
363
227
236
587
214
770
656
60
14
987
405
848
205
327
330
326
565
735
850
725
520
921
573
177
23
662
426
772
734
303
104
101
149
94
828
251
14
735
487
822
570
42
577
183
24
124
965
551
537
365
680
33
645
926
15
181
547
992
377
684
775
907
357
432
506
349
950
224
651
444
687
439
943
188
472
186
795
714
827
15
503
395
259
535
669
632
621
869
619
151
551
179
856
983
793
456
489
378
917
701
415
658
400
300
207
237
839
701
207
645
658
977
281
796
688
835
838
116
405
491
525
784
953
595
909
503
3
308
878
589
292
154
653
878
532
469
856
348
717
1000
481
62
679
40
192
904
997
263
143
581
464
628
313
370
111
846
997
781
633
555
585
546
955
60
939
20
471
229
75
6
675
154
240
233
282
689
326
581
195
972
918
663
943
286
9
730
128
185
672
329
606
84
629
152
152
628
100
977
609
466
233
515
791
965
158
498
525
62
556
108
432
687
342
77
454
619
445
469
39
255
993
432
497
986
560
557
57
376
75
855
614
944
194
463
498
959
69
9
949
93
297
555
64
771
321
432
831
999
167
373
210
407
931
697
523
746
241
294
32
74
734
28
261
646
18
818
48
539
689
310
205
492
989
833
469
969
411
759
480
529
620
576
221
357
378
875
639
61
923
24
583
639
254
765
502
659
878
785
857
618
38
255
849
387
517
992
226
43
245
147
595
902
513
263
253
49
516
599
432
887
74
460
23
553
244
253
159
321
523
706
65
922
199
761
840
137
985
66
774
891
55
653
176
560
642
175
732
257
175
975
885
317
272
556
174
397
694
521
39
447
835
378
521
849
333
925
646
432
848
733
148
522
45
479
928
743
260
624
591
10
398
308
401
125
761
19
175
412
406
434
930
17
980
373
662
372
933
983
242
993
634
817
322
657
468
282
568
90
843
455
588
516
769
229
293
711
153
509
865
817
7
477
169
191
908
578
899
990
710
672
497
257
640
580
312
272
1000
280
371
598
939
15
845
651
101
715
564
188
922
567
606
562
337
367
204
59
923
251
924
214
393
903
351
75
191
849
774
101
935
748
863
788
370
587
77
633
86
210
653
555
642
618
479
476
90
31
143
9
252
59
749
649
747
243
548
607
499
599
198
633
316
827
234
181
759
348
489
76
925
304
876
558
555
344
765
398
955
702
576
800
954
136
454
81
243
336
825
120
866
827
740
619
316
395
981
808
730
156
260
544
145
76
806
763
589
727
306
979
249
84
174
237
937
84
850
475
554
118
17
349
835
34
47
567
257
68
903
857
814
273
213
959
440
686
562
474
882
272
683
970
874
527
170
831
365
60
168
811
28
609
26
605
936
656
549
425
735
621
595
140
511
503
552
334
455
597
4
481
685
944
780
309
624
946
566
20
637
681
314
940
174
630
42
536
774
485
310
194
155
26
562
675
147
734
299
782
978
690
832
780
598
31
913
616
223
149
440
830
816
203
786
257
131
903
656
76
812
448
20
894
603
281
682
940
267
305
566
208
7
665
965
134
672
288
215
791
280
229
964
188
462
531
515
577
547
169
300
603
673
612
7
431
281
976
195
829
187
642
153
99
781
41
550
470
689
349
554
287
407
304
813
490
785
693
910
18
737
730
158
816
285
948
89
33
736
417
465
506
150
386
125
804
710
124
753
279
550
78
114
906
495
956
137
926
747
313
86
998
233
99
64
463
20
799
408
568
790
678
70
359
500
473
944
75
385
242
109
49
478
948
940
668
834
233
816
69
977
561
606
530
770
396
428
242
992
632
888
183
317
662
745
588
133
537
457
838
215
246
826
406
858
2
688
629
528
937
811
232
371
793
298
138
555
972
781
361
464
660
268
495
45
826
80
657
667
980
672
633
655
210
709
493
22
99
452
744
220
720
670
771
933
283
318
83
388
148
154
31
11
773
503
381
816
2
96
194
857
844
304
870
843
367
387
792
196
560
942
183
63
167
728
722
147
661
820
962
907
350
836
256
621
737
99
21
42
337
601
340
587
271
296
521
513
594
206
813
640
387
898
199
888
56
790
894
381
29
801
406
58
477
63
774
703
80
218
24
935
519
434
610
560
320
731
347
130
693
935
64
233
184
127
929
843
845
498
167
987
610
81
864
666
994
675
360
514
231
734
120
730
92
224
750
867
927
469
344
627
168
565
764
62
390
404
943
480
419
336
55
485
237
163
993
988
595
279
708
645
91
656
739
365
451
360
750
852
344
256
419
297
430
942
40
722
34
770
509
30
830
322
694
862
3
344
127
158
938
306
732
278
933
152
463
835
621
502
950
103
976
338
634
150
891
301
248
96
770
208
149
757
208
22
11
430
669
375
862
347
910
392
609
986
979
306
33
781
868
605
63
682
677
55
445
425
626
253
104
611
355
273
766
413
458
131
359
180
59
231
400
272
2
320
14
918
304
664
245
195
561
136
395
55
970
867
922
661
462
731
592
516
537
778
349
452
82
122
849
491
299
497
822
22
842
461
759
640
782
917
780
473
781
339
419
16
454
335
14
909
381
793
633
693
831
15
849
185
27
272
451
650
33
686
647
871
344
335
749
756
552
229
135
520
580
522
309
128
558
675
19
67
182
348
921
890
707
993
632
521
558
137
212
709
587
970
112
211
38
266
871
430
594
874
470
947
785
785
348
458
201
348
786
454
305
270
200
387
526
154
485
99
241
123
345
882
253
112
728
16
842
32
305
358
226
882
480
123
711
772
318
43
838
756
648
723
526
616
535
943
529
374
514
698
491
758
682
17
241
637
919
905
723
708
98
725
16
932
509
971
442
731
296
351
870
680
745
760
853
212
253
875
970
842
769
408
650
67
892
655
232
76
702
603
490
414
651
903
566
507
168
339
248
346
594
805
645
621
735
1000
132
890
22
843
797
865
232
262
697
702
506
905
964
719
593
464
40
523
111
739
976
906
183
987
167
272
10
173
824
453
937
679
37
12
866
302
297
507
319
781
897
77
668
731
808
966
343
639
920
257
100
958
127
557
4
989
946
119
542
580
71
402
767
917
474
169
122
274
822
675
430
719
286
65
9
71
892
486
125
692
822
545
467
338
719
772
800
556
995
874
475
153
679
821
286
782
621
271
816
876
446
11
505
325
284
737
201
989
334
714
615
69
380
689
365
980
377
317
86
93
551
756
125
764
452
499
66
57
546
940
862
799
380
474
291
373
783
471
657
29
570
344
309
421
138
588
429
325
774
379
977
951
201
563
235
750
380
663
99
879
880
546
438
963
374
59
217
291
159
224
359
256
184
356
1
817
569
824
10
295
294
592
824
763
952
212
245
284
750
205
405
812
98
921
528
357
12
187
602
805
550
212
510
171
148
28
907
154
662
440
429
167
936
516
307
766
168
458
189
963
47
88
815
829
229
660
89
172
595
642
478
231
517
145
687
232
940
128
631
987
659
815
778
189
692
807
982
375
201
912
639
184
479
574
248
509
24
398
124
673
375
510
426
619
527
713
21
501
778
759
448
546
275
669
466
888
386
14
699
960
868
934
445
359
407
678
744
394
258
51
849
601
230
997
393
821
107
572
425
422
35
751
912
201
534
324
680
397
248
383
169
689
38
398
101
350
82
655
106
631
598
895
909
159
762
257
544
781
610
289
339
661
443
328
104
2
235
526
728
198
155
948
760
626
830
213
121
183
86
640
984
776
733
428
234
665
637
450
388
788
798
820
251
318
382
447
843
204
433
171
993
225
39
445
664
66
557
946
575
325
10
658
321
790
54
178
886
403
417
778
804
860
695
832
28
819
57
829
527
607
890
501
521
186
495
229
743
910
840
954
579
184
472
419
617
774
139
731
560
123
339
68
508
575
25
123
397
264
279
271
21
482
95
695
745
633
584
699
506
820
181
434
741
529
111
435
445
417
718
171
552
966
801
77
675
165
958
330
18
617
615
748
866
66
534
994
71
573
974
524
144
53
31
856
308
534
452
317
629
875
759
496
898
241
74
377
283
687
506
54
897
832
262
962
18
479
218
797
367
835
906
891
579
800
22
187
915
996
708
451
610
764
725
350
355
605
671
49
87
903
590
66
637
964
856
79
1000
238
167
683
561
242
826
558
706
148
399
44
563
619
274
342
301
481
208
494
907
583
586
206
320
188
759
294
313
856
258
498
54
31
355
157
1
123
145
811
842
833
851
60
784
884
900
115
164
457
120
625
262
572
154
466
294
74
316
112
20
235
440
778
825
441
762
144
387
294
532
86
909
714
130
479
329
845
268
96
913
721
500
998
648
995
778
848
164
664
888
951
984
277
124
468
280
787
434
217
724
364
266
148
719
90
251
930
896
638
146
814
251
67
608
647
29
951
465
835
647
514
22
596
886
326
454
54
742
863
768
83
538
211
916
669
978
611
356
109
791
56
95
817
768
799
496
646
192
270
183
911
215
377
305
98
328
426
72
108
970
231
507
162
484
685
939
156
717
681
303
996
126
703
666
857
789
944
980
3
224
884
679
428
402
65
186
946
272
929
526
227
675
895
257
791
496
231
508
161
346
595
276
25
207
851
378
710
570
647
391
372
145
707
678
344
288
205
610
359
148
586
963
329
394
250
72
598
61
803
680
218
443
439
727
243
33
587
686
712
255
254
8
807
703
624
255
535
974
983
331
747
613
668
616
169
640
354
743
440
663
814
758
900
606
925
653
829
764
841
297
902
792
400
283
243
778
562
106
731
184
509
390
979
24
901
436
295
407
83
71
705
722
766
977
682
153
61
514
931
91
592
630
996
250
783
787
570
1
830
679
514
589
842
723
767
619
326
932
549
993
349
766
582
44
926
443
466
761
147
671
425
264
92
291
293
613
985
67
536
99
40
342
454
5
609
206
117
671
388
316
349
87
980
294
575
294
35
416
128
819
879
518
506
349
92
970
763
974
355
994
710
363
886
731
833
318
342
702
501
168
887
731
280
497
766
902
495
743
649
725
925
86
789
197
702
521
542
900
268
673
265
751
702
706
299
750
551
797
840
398
908
984
450
491
157
422
984
733
170
186
878
733
345
909
438
5
485
907
378
547
317
777
404
994
648
772
221
500
199
340
11
264
867
952
701
761
626
514
672
279
656
124
675
124
26
795
564
20
82
493
294
893
775
183
274
830
588
678
538
605
812
318
520
261
244
677
521
795
585
44
497
357
812
110
596
921
952
196
579
262
981
416
980
568
20
662
979
390
469
160
99
479
247
93
343
433
92
670
816
371
982
517
364
663
160
391
888
852
609
199
940
839
442
64
17
17
541
546
389
863
839
463
854
587
752
295
957
56
249
16
485
271
677
340
47
210
281
157
286
908
760
708
376
647
208
420
734
486
911
619
381
941
494
446
911
903
710
667
514
961
373
359
52
721
831
633
486
803
728
422
629
841
457
305
191
121
928
299
761
445
271
162
281
803
43
407
353
751
950
646
339
627
260
242
737
520
933
401
764
61
360
433
568
752
914
688
587
755
772
406
972
492
796
514
847
515
747
831
691
812
490
617
674
126
866
140
264
741
596
718
138
9
139
166
99
31
523
875
696
184
193
602
199
172
897
656
318
916
868
784
457
962
883
743
335
229
383
537
200
654
518
446
613
128
554
700
971
902
677
455
901
402
425
728
464
90
51
312
39
405
880
417
988
449
242
488
429
797
988
860
126
740
251
466
258
442
466
769
568
267
243
403
526
741
331
186
300
482
217
986
602
683
604
204
371
191
880
592
233
561
660
971
710
421
458
838
603
988
353
124
906
507
798
371
430
400
848
130
618
40
797
205
262
307
760
530
650
762
742
873
640
424
727
651
477
684
260
739
710
242
689
161
357
931
24
802
338
527
291
636
42
961
906
35
589
936
8
470
661
909
814
183
184
537
638
179
899
294
336
464
990
622
158
593
660
243
68
547
778
515
105
645
656
184
465
293
381
110
675
212
819
313
70
159
402
307
359
127
242
377
86
241
235
187
630
295
99
287
156
864
441
978
640
755
893
335
580
892
292
886
596
248
719
577
614
616
432
717
539
348
464
821
232
442
270
37
714
718
346
653
318
650
691
965
277
21
688
431
559
874
498
44
597
462
958
131
114
319
457
816
794
622
388
180
310
910
451
958
962
945
534
206
507
397
444
592
959
761
795
578
146
255
139
209
305
326
41
593
594
278
324
398
591
297
117
256
536
742
662
527
292
220
257
595
982
783
627
950
705
418
629
430
232
311
997
210
912
792
866
677
974
788
941
716
71
311
187
218
75
877
424
970
631
470
610
685
523
589
143
32
326
336
695
537
299
183
416
246
71
754
662
480
594
463
18
775
383
730
696
580
893
550
33
1000
620
683
641
347
232
514
452
619
447
669
434
8
438
650
488
662
927
446
22
204
567
581
411
837
148
361
502
822
730
890
504
416
155
472
591
687
629
150
610
137
616
749
826
201
623
231
43
54
580
573
113
828
834
672
256
745
838
856
790
662
697
249
682
520
21
113
599
209
400
847
503
90
180
930
328
612
886
78
666
923
607
144
798
988
638
668
134
305
910
408
927
535
751
267
201
226
241
300
173
326
926
225
314
237
97
455
114
412
720
791
200
254
612
222
190
733
665
75
702
26
995
307
928
670
567
893
528
694
839
404
806
553
417
728
366
326
372
636
516
570
443
722
835
58
378
62
326
105
909
775
50
428
837
497
467
483
291
522
918
722
338
150
69
940
388
438
778
906
8
269
106
244
467
522
345
670
151
106
85
365
997
238
957
296
798
929
484
263
461
770
113
701
70
619
730
228
93
371
83
917
122
283
30
124
66
403
599
647
15
129
471
585
981
320
508
83
463
570
485
108
942
980
843
509
696
696
786
723
318
556
176
122
325
356
987
442
583
156
871
358
238
967
273
317
146
389
207
766
527
51
60
789
652
417
910
38
21
23
607
782
582
569
594
176
395
143
479
496
67
684
963
700
343
354
869
35
10
726
777
207
908
239
17
264
441
500
135
729
65
991
568
199
953
902
106
436
734
513
122
258
579
515
468
38
930
361
905
981
557
69
415
505
258
353
73
223
927
796
389
286
492
197
151
441
220
15
470
374
990
998
650
698
249
795
470
991
947
757
641
560
862
677
889
530
573
586
771
907
953
112
117
56
507
952
397
475
186
751
533
384
108
80
81
408
577
457
590
762
254
845
378
339
765
245
172
453
5
488
934
449
999
466
280
304
85
203
397
881
867
594
84
985
871
531
898
508
415
639
510
946
480
184
220
646
12
735
546
302
890
134
605
737
964
273
984
655
319
368
679
790
222
26
992
925
928
366
647
335
890
892
13
505
985
11
801
559
674
239
765
689
383
81
749
964
427
62
281
853
583
579
968
678
699
574
15
517
277
183
597
400
416
861
52
828
19
203
993
397
188
291
471
940
8
739
497
477
810
741
941
528
640
465
691
696
707
509
407
549
21
488
83
914
863
614
986
966
77
481
406
308
610
830
479
642
618
501
872
425
18
362
945
444
954
581
577
299
510
952
911
761
585
110
130
183
184
515
348
358
961
230
272
101
291
122
133
754
189
125
896
61
146
437
560
791
782
231
343
115
486
384
605
848
80
554
551
280
422
254
331
565
783
733
68
601
906
550
900
809
893
388
765
683
739
328
731
997
105
227
790
659
881
577
288
340
273
829
796
23
295
736
54
982
805
754
954
764
203
447
624
681
380
547
895
539
112
556
661
648
569
531
614
595
134
219
509
195
206
483
342
498
342
318
951
446
140
133
569
553
785
247
224
236
124
765
517
725
719
65
92
573
806
791
58
245
443
296
500
29
976
99
981
234
686
413
317
805
685
129
180
428
373
710
902
138
678
509
948
947
763
806
574
996
465
210
508
65
533
447
671
986
553
865
482
321
924
701
193
108
806
47
342
200
422
403
991
271
482
946
780
69
669
384
984
644
707
877
704
507
428
100
344
148
164
2
680
359
363
609
623
222
26
67
643
769
75
336
572
994
690
552
96
616
114
465
250
668
121
337
574
433
902
447
1000
651
879
235
371
935
234
885
564
653
501
226
569
827
821
660
646
304
101
812
348
202
46
658
249
605
948
922
29
871
489
512
706
626
608
888
46
35
84
629
18
568
131
748
799
523
801
67
248
764
723
398
704
749
164
183
213
628
634
320
704
53
10
101
784
686
978
474
849
41
985
864
285
167
33
579
360
797
659
462
914
105
274
588
406
132
894
343
722
771
112
412
687
940
311
763
616
440
501
460
328
653
683
375
748
625
119
36
521
758
990
89
115
196
917
908
175
833
519
766
426
348
568
194
915
544
244
803
236
53
798
292
2
557
613
303
753
42
910
985
994
8
848
337
451
373
892
695
318
279
326
877
159
874
477
356
78
648
877
844
20
637
330
626
418
827
323
887
130
508
443
836
564
719
504
972
371
817
51
295
698
86
40
975
828
551
17
538
241
185
332
839
224
607
628
214
199
802
183
223
407
585
630
929
484
301
578
233
432
200
630
711
402
575
366
963
190
130
209
903
466
459
831
64
141
700
450
821
788
958
931
914
83
232
502
177
372
732
420
470
587
424
421
656
396
49
399
842
355
338
742
452
607
647
374
487
436
805
2
140
160
406
961
761
601
59
543
127
986
636
7
758
702
520
503
782
604
534
894
221
132
186
795
897
855
280
51
734
512
386
888
396
903
397
271
488
337
559
342
806
336
841
265
87
677
238
290
870
469
958
43
921
211
366
405
737
583
865
606
804
89
928
249
523
519
849
42
123
394
577
497
619
485
881
785
238
76
777
391
647
510
825
519
546
577
618
243
786
226
71
696
586
613
364
695
345
244
132
830
212
543
183
736
514
954
135
769
728
27
504
28
301
363
961
698
685
332
396
649
795
446
507
124
587
527
292
209
400
1
709
738
672
42
718
980
924
887
109
447
376
706
908
957
784
870
198
201
665
510
383
338
815
496
617
155
547
973
375
521
176
907
198
461
664
213
262
470
728
944
463
255
415
277
632
120
82
134
560
499
361
632
187
675
195
899
486
959
446
704
140
588
795
315
10
168
880
465
551
951
680
734
733
349
431
231
607
430
26
71
50
289
649
877
738
199
510
498
572
365
934
948
515
334
292
259
196
763
380
726
343
249
463
890
968
294
570
144
627
980
612
548
470
217
275
916
659
246
65
641
319
476
45
687
649
641
572
709
660
308
911
428
800
974
655
13
220
557
514
694
996
885
682
296
55
453
953
429
80
477
442
739
3
52
323
535
210
61
720
433
263
980
397
164
216
696
151
401
82
337
234
852
371
686
855
536
608
512
940
315
349
218
356
270
809
243
851
297
407
166
4
454
383
692
812
991
939
721
409
729
462
822
13
928
952
340
699
927
384
34
316
897
502
763
765
760
962
968
172
257
319
697
433
716
843
177
728
909
974
220
524
887
463
104
561
529
4
75
400
835
887
147
246
744
917
420
83
103
206
924
386
102
931
543
627
151
728
186
59
171
826
673
11
564
96
522
744
306
347
740
200
844
155
85
8
837
642
307
93
805
983
537
571
774
727
364
102
579
771
264
203
285
944
136
289
236
710
717
738
23
276
238
698
159
197
568
4
599
299
79
140
273
909
992
31
800
539
486
191
246
970
381
100
733
48
649
407
999
77
644
164
577
570
753
573
106
537
19
996
684
409
955
504
697
213
464
975
88
362
157
450
911
305
940
750
708
528
400
934
60
789
948
585
325
396
117
945
866
959
358
638
229
305
499
199
827
989
46
130
637
378
21
972
234
258
763
804
66
584
520
221
580
441
363
597
845
30
742
342
936
173
868
953
311
683
100
416
636
346
406
801
538
436
232
88
810
754
521
454
792
725
103
971
372
402
455
193
214
368
277
388
328
141
455
18
325
456
336
355
641
413
858
789
485
732
451
199
860
854
48
616
229
33
448
934
568
14
778
689
732
403
630
239
348
733
708
347
616
815
70
411
280
421
424
239
31
804
911
926
441
316
600
56
590
908
420
594
50
673
896
471
982
979
407
632
202
881
447
617
250
218
946
180
419
140
507
535
747
97
111
617
709
311
67
316
114
83
486
274
553
743
386
418
837
918
685
198
505
855
533
189
287
469
423
29
143
32
626
857
545
249
174
781
681
59
571
608
460
201
857
254
126
304
250
818
299
951
668
641
825
769
11
464
604
91
437
56
890
497
698
574
235
383
965
493
292
753
583
201
181
827
753
673
724
902
605
463
270
462
605
840
198
730
258
537
221
225
591
288
344
288
234
478
530
261
35
328
758
488
464
943
207
326
801
277
451
212
586
687
582
588
900
403
760
786
273
791
138
489
967
541
97
89
69
743
431
530
387
104
272
133
610
814
548
858
6
349
531
354
737
322
704
402
75
493
550
631
226
726
524
381
804
299
156
284
324
802
104
963
553
842
29
25
670
176
237
835
846
387
958
436
890
256
311
285
870
644
339
476
704
404
748
388
840
144
900
490
682
319
666
207
207
798
33
80
546
77
565
961
184
400
950
394
726
540
548
564
307
305
839
844
437
701
425
634
163
756
472
426
358
219
828
896
169
215
506
452
611
837
426
728
510
51
934
678
705
72
497
368
325
211
4
16
506
138
844
281
111
790
51
304
767
197
816
231
421
349
556
521
12
654
840
419
723
397
166
531
7
718
221
44
697
970
286
36
572
204
842
512
675
324
480
889
820
991
138
818
169
739
148
248
974
451
684
872
899
870
791
61
236
545
189
127
166
682
80
856
180
539
171
752
747
945
422
822
714
242
521
609
893
370
80
372
567
204
354
27
157
497
426
329
668
768
276
692
918
492
129
110
767
333
747
427
734
130
522
404
844
404
513
836
222
353
428
530
827
92
164
81
79
631
409
872
134
882
427
374
872
495
423
797
383
858
841
943
398
477
589
539
423
452
166
161
173
69
999
863
382
902
704
910
322
318
364
877
780
327
266
684
296
277
399
855
625
681
874
744
405
606
100
100
191
982
594
56
752
25
584
48
803
464
218
667
896
179
626
293
424
84
915
974
236
689
237
506
22
936
569
106
742
224
247
332
423
822
539
705
379
570
415
84
978
674
213
642
407
179
848
291
632
9
794
849
786
948
710
549
362
479
103
786
733
921
840
786
910
432
698
899
519
83
171
888
669
736
920
824
467
362
906
889
938
260
678
873
848
240
793
668
471
985
666
785
353
503
255
311
659
780
603
403
721
929
199
775
72
329
287
500
935
407
798
418
283
462
919
841
992
59
482
370
201
532
140
19
987
354
300
773
594
818
526
382
868
399
530
390
114
854
37
454
738
559
523
348
575
287
187
423
149
727
222
162
959
355
204
602
180
641
607
928
626
188
85
231
502
52
855
475
348
294
760
50
256
273
854
585
85
181
103
532
360
25
73
121
947
940
29
391
629
603
682
105
409
12
267
209
73
656
117
190
824
614
865
684
128
245
487
41
777
882
328
853
31
843
671
18
610
681
287
443
8
544
540
463
762
7
521
484
888
994
452
345
988
504
713
14
357
238
357
43
392
870
532
121
483
407
552
65
55
405
791
1
297
723
736
479
593
540
926
369
428
485
422
387
920
289
984
775
600
524
378
865
788
954
765
303
612
707
610
295
680
898
532
54
433
105
91
416
999
23
445
304
793
250
926
898
521
806
940
379
743
737
186
575
361
3
733
77
459
165
24
588
210
541
597
873
918
891
166
42
54
217
214
120
460
78
36
455
358
136
748
946
137
945
771
716
342
674
133
452
310
955
51
500
885
439
979
825
938
121
154
74
500
961
52
583
940
565
508
886
933
946
794
894
423
641
398
13
779
150
596
340
965
822
453
178
736
747
356
942
24
856
435
45
110
796
915
432
782
385
798
786
930
69
128
686
46
135
916
928
363
174
824
284
117
260
848
862
346
12
758
236
739
839
966
103
301
703
396
117
586
775
922
941
933
565
244
565
721
2
773
159
504
316
938
557
639
797
626
386
744
12
733
415
318
413
591
415
42
932
420
763
100
936
730
220
483
319
685
363
635
886
542
934
485
827
77
224
628
867
126
748
932
892
336
494
504
873
409
889
33
206
209
965
663
43
390
171
95
652
997
252
709
362
685
256
911
926
752
807
393
749
190
567
955
99
674
880
886
767
336
137
27
689
55
467
943
114
621
722
555
160
346
844
439
78
670
773
127
179
212
441
149
308
188
361
625
158
463
728
535
37
70
596
126
858
747
856
81
410
219
141
266
857
901
273
972
475
601
799
406
295
110
612
351
155
952
658
78
255
618
979
505
54
446
973
739
551
94
157
705
515
259
853
975
239
492
212
870
636
941
570
668
336
776
728
874
93
25
35
302
333
491
429
575
609
94
544
760
173
680
290
823
182
460
308
33
175
349
363
477
938
967
330
643
206
279
551
36
356
579
530
236
119
539
177
982
686
865
471
802
850
101
525
296
313
973
246
307
196
384
593
957
83
100
479
782
603
552
870
758
707
162
610
612
708
664
691
685
953
627
711
184
30
718
927
65
258
424
39
523
978
33
991
714
716
876
422
540
100
337
531
932
606
922
535
254
881
231
316
91
616
951
534
522
679
289
551
87
260
303
951
804
35
759
456
574
140
593
675
494
239
913
316
650
314
403
344
450
10
296
180
982
893
867
570
644
224
983
649
39
151
262
88
718
51
329
636
337
174
505
936
496
525
816
424
645
490
64
138
795
132
356
516
571
43
723
407
381
70
527
80
720
27
2
628
414
564
515
245
647
1000
990
507
154
975
79
928
476
695
341
912
42
906
577
140
81
885
526
514
699
845
261
472
24
687
570
140
427
457
175
427
70
681
665
22
443
202
577
419
964
693
33
902
27
245
963
834
255
407
609
485
782
286
385
292
558
798
623
128
624
162
595
276
48
151
527
130
654
565
678
512
419
236
857
519
47
371
840
348
739
890
908
173
385
37
910
365
145
831
353
272
35
154
237
188
76
731
178
151
903
715
778
663
667
256
430
186
946
663
47
564
856
662
124
454
599
580
542
282
307
388
933
562
84
172
776
492
396
436
51
750
476
433
596
400
767
739
629
248
822
23
136
363
223
760
37
958
858
123
846
215
557
701
433
929
506
49
123
700
779
592
841
973
757
440
906
248
126
141
930
866
679
280
413
826
865
902
30
399
560
945
656
402
889
881
111
298
927
585
647
431
59
834
489
680
758
999
258
347
424
893
261
296
447
776
198
471
163
513
31
665
601
481
186
289
974
2
759
493
304
933
37
43
277
20
766
872
552
352
265
421
15
514
813
68
520
103
867
933
38
142
690
666
428
352
723
960
145
601
727
873
949
911
126
565
67
920
158
103
565
804
263
899
781
541
159
847
12
802
767
980
916
825
79
428
604
152
99
636
618
82
935
535
160
516
691
348
911
30
644
293
939
131
682
435
137
440
900
952
585
833
611
970
190
75
346
812
842
625
230
316
110
552
578
67
964
616
723
537
492
355
533
704
678
308
180
752
564
465
213
858
173
585
980
304
233
883
659
956
988
555
691
20
533
661
354
480
382
959
871
411
694
798
731
692
298
500
221
203
347
748
637
138
990
440
440
941
552
623
47
971
141
886
533
683
132
22
887
283
653
235
442
413
474
576
233
752
837
208
811
172
124
557
869
192
368
761
112
370
846
409
783
407
335
591
680
608
44
347
403
341
303
138
172
279
967
361
141
184
784
200
441
661
384
214
325
31
360
772
537
411
496
881
859
284
666
94
272
440
769
36
795
923
165
49
821
693
577
730
669
550
278
311
1
379
11
522
885
831
908
221
167
575
127
382
265
1000
510
885
721
483
102
20
178
863
571
531
62
623
785
417
731
225
339
533
274
514
87
775
782
693
652
294
587
592
421
43
855
749
254
234
760
203
801
264
266
771
770
209
402
21
683
416
335
854
510
171
954
353
527
780
197
794
435
90
975
28
286
253
607
429
264
113
135
983
361
504
561
471
942
998
10
31
827
995
298
721
537
505
603
940
515
374
844
762
659
106
657
331
272
991
520
558
35
733
98
191
141
750
552
457
860
885
299
612
395
370
407
46
658
748
830
275
598
907
668
125
709
332
491
607
593
896
317
292
47
998
416
454
56
897
478
656
270
656
468
556
279
482
922
617
483
819
625
984
138
912
466
79
697
180
365
51
407
219
611
451
839
421
999
294
832
548
462
468
780
691
132
642
808
641
208
125
994
775
991
171
563
297
340
878
20
192
541
941
125
172
289
698
856
586
525
891
649
627
369
697
613
701
22
865
184
33
489
80
11
400
938
142
560
476
307
777
306
365
73
181
691
358
52
280
232
476
440
299
904
162
393
741
472
768
823
691
42
971
897
935
350
430
445
262
893
529
391
217
587
866
19
733
30
300
175
550
515
716
193
406
983
934
800
556
337
297
355
722
750
147
859
158
712
906
9
213
602
898
250
118
405
835
712
184
348
924
652
248
684
229
546
347
172
645
373
667
696
630
625
174
606
547
600
445
298
355
669
428
681
617
300
846
885
434
42
159
505
767
262
159
46
355
821
455
590
961
596
707
801
92
540
461
211
135
926
428
243
135
418
617
14
33
723
642
810
860
590
887
291
538
542
853
83
298
593
375
542
859
402
306
253
875
506
883
539
882
999
723
840
816
975
626
897
938
494
651
295
878
981
278
131
460
481
53
738
263
144
191
670
591
31
585
382
615
844
187
390
453
413
988
177
255
900
966
539
676
664
105
229
125
643
218
374
765
478
174
382
103
377
48
909
570
958
945
606
553
179
704
846
458
650
497
12
475
860
923
823
579
874
505
620
229
780
641
233
717
571
50
2
448
236
806
647
617
865
501
216
698
182
685
828
527
929
79
209
301
861
790
425
895
941
319
356
45
948
880
481
73
864
541
337
254
444
121
864
854
66
971
4
320
888
682
369
152
306
661
762
278
692
286
546
166
691
150
189
105
656
507
379
869
861
693
287
808
591
861
790
129
977
630
905
750
497
803
266
620
622
712
208
647
672
565
176
676
14
159
285
143
512
164
2
585
601
141
666
562
593
750
443
895
709
536
273
957
821
798
847
403
876
801
658
543
853
660
774
26
139
87
55
841
827
738
994
905
724
154
929
728
745
349
499
823
341
808
929
492
960
860
732
271
657
663
145
835
315
568
26
177
966
795
387
544
456
244
390
456
700
590
231
877
283
925
193
259
150
531
836
519
685
174
829
48
729
731
287
67
855
61
313
479
68
648
64
247
938
951
276
393
641
430
659
434
354
124
458
763
764
379
806
880
576
920
541
721
442
123
327
128
719
755
230
704
774
27
419
182
879
606
538
479
687
796
81
162
242
249
599
810
131
444
422
226
546
660
123
612
847
264
844
769
163
327
172
143
247
976
588
425
33
13
421
464
578
772
812
547
444
234
758
242
557
799
797
143
602
895
958
24
766
714
339
890
10
465
551
85
529
262
375
868
806
841
960
324
558
418
520
228
88
466
646
318
439
338
513
7
535
407
934
859
979
388
150
273
854
97
841
873
989
629
775
217
720
777
847
158
101
669
623
779
555
127
582
218
929
83
714
115
408
83
712
80
52
877
752
12
844
44
165
28
789
111
24
335
187
335
356
891
10
285
783
16
683
844
211
784
967
367
70
48
962
722
953
182
903
414
726
981
690
992
787
906
273
954
176
851
576
199
727
95
907
514
277
536
808
907
496
645
552
471
720
57
728
245
65
171
63
593
345
992
389
329
686
704
127
96
832
882
691
380
899
514
97
611
577
803
364
227
792
101
744
579
413
301
785
458
283
960
707
33
484
642
777
926
966
287
215
595
464
31
166
945
860
355
793
441
618
381
817
375
941
374
123
551
688
352
629
420
283
716
751
251
778
235
275
35
813
931
101
548
868
157
585
768
786
427
361
390
228
15
338
101
869
493
92
538
493
918
813
603
255
460
705
244
68
702
683
466
668
145
74
790
510
470
254
956
598
662
497
503
948
59
202
821
57
330
633
134
909
755
118
415
944
814
732
300
213
487
415
379
819
398
638
218
872
677
552
688
167
933
929
120
267
150
855
978
767
211
45
749
509
992
161
680
598
360
415
530
949
714
882
83
761
338
412
895
450
427
102
866
55
169
248
605
126
10
752
834
176
100
169
30
214
433
271
607
711
153
256
326
499
431
175
940
878
591
225
284
922
409
414
547
235
540
632
846
134
726
124
296
509
372
607
31
741
829
903
337
267
445
725
350
740
86
865
251
787
85
64
589
907
523
81
744
235
679
670
866
652
391
254
60
297
685
427
588
835
839
308
223
580
812
854
377
593
327
389
525
134
129
801
889
321
127
879
178
72
588
510
96
353
296
12
67
105
225
711
967
470
704
898
438
297
252
185
668
696
18
670
225
522
583
778
493
467
3
312
112
470
109
378
606
523
251
499
962
632
174
168
753
66
971
155
492
782
372
354
400
930
951
451
947
112
796
730
50
432
40
813
381
305
488
241
695
385
166
501
582
870
526
119
355
970
12
746
49
345
470
164
130
418
1
525
799
741
261
309
387
454
431
64
552
807
58
658
445
112
954
3
105
192
25
149
965
61
769
720
589
966
59
198
3
162
931
715
455
695
664
547
282
664
161
566
435
75
152
732
514
86
549
290
81
824
738
724
198
16
91
919
174
957
299
844
344
944
7
203
30
199
207
365
418
880
719
232
390
459
393
928
758
254
826
202
797
862
537
778
38
170
229
888
129
864
203
621
618
928
821
646
642
548
257
850
726
704
998
552
458
738
44
939
100
238
248
278
11
524
218
537
110
1
76
240
196
179
295
313
443
258
543
179
42
879
746
557
990
280
189
416
426
806
751
753
928
745
500
394
102
385
722
731
749
59
839
440
843
644
257
237
139
444
176
925
102
262
2
117
635
555
884
15
933
990
660
422
208
87
182
376
941
363
417
335
657
964
133
19
496
135
308
763
193
637
227
255
240
802
21
304
942
306
388
18
501
570
954
274
940
194
484
265
53
676
57
517
835
712
110
129
540
356
945
283
193
190
737
576
7
94
741
802
220
719
843
777
4
864
224
414
930
120
912
347
713
176
118
883
322
964
109
881
809
291
204
241
286
160
240
606
177
235
542
986
127
397
626
796
942
279
770
793
745
132
828
550
872
562
528
642
701
952
416
119
538
148
693
518
570
551
184
276
380
530
374
349
459
739
976
838
624
20
772
255
578
441
73
260
26
192
174
10
496
584
415
416
390
107
904
808
177
187
845
846
176
763
290
274
482
808
888
884
658
126
264
835
770
571
578
840
257
202
690
622
268
57
248
576
408
355
117
726
81
460
470
13
777
613
36
298
319
105
605
815
608
652
211
344
350
182
655
981
552
320
923
195
644
126
224
124
940
757
284
242
808
938
149
936
959
382
232
61
404
892
83
281
245
112
319
770
916
430
700
160
1
167
850
699
388
323
283
79
800
444
409
107
164
433
62
838
487
15
264
764
91
6
540
323
333
13
465
767
893
231
20
323
631
901
350
530
759
275
508
227
270
209
874
153
940
474
834
809
516
812
719
861
825
34
672
406
852
66
357
699
378
441
363
578
717
199
537
930
833
671
888
783
611
556
725
55
936
403
965
939
725
957
568
637
489
490
143
710
995
737
575
570
268
769
761
336
631
421
271
858
770
32
221
246
868
923
524
759
167
523
206
310
861
66
475
257
865
659
841
292
244
980
360
515
897
748
1000
440
571
952
865
362
952
201
515
499
558
618
28
12
394
29
217
347
638
756
963
347
402
384
942
607
767
556
392
865
727
376
366
227
318
220
417
870
610
776
433
542
707
838
143
195
448
805
483
277
768
626
680
28
161
660
934
58
525
583
573
206
672
300
317
482
742
262
284
530
761
83
193
967
316
